Id,reference
10001,34.2569
10002,43.619
10003,34.5216
10004,71.3735
10005,61.9136
10006,60.2807
10007,73.1713
10008,65.0089
10009,44.4617
10010,92.3584
10011,66.001
10012,32.9531
10013,42.2519
10014,68.0136
10015,35.688
10016,70.7922
10017,28.1088
10018,60.8983
10019,25.6573
10020,54.2749
10021,85.967
10022,92.8191
10023,62.788
10024,32.143
10025,72.9558
10026,54.0421
10027,56.3581
10028,32.8484
10029,89.7952
10030,29.6351
10031,69.1727
10032,36.9302
10033,39.3007
10034,66.0799
10035,66.8549
10036,49.0342
10037,7.01662
10038,16.6299
10039,27.3661
10040,73.4409
10041,53.9289
10042,40.4486
10043,90.8528
10044,17.7537
10045,22.4905
10046,25.8923
10047,37.7119
10048,86.1907
10049,70.5893
10050,20.1656
10051,29.6132
10052,88.0377
10053,52.7594
10054,92.899
10055,78.1835
10056,44.4274
10057,24.7674
10058,74.3129
10059,55.2597
10060,63.7699
10061,35.0991
10062,8.69958
10063,57.0701
10064,13.5494
10065,44.5203
10066,30.591
10067,66.6041
10068,82.1513
10069,87.592
10070,35.8927
10071,28.3121
10072,32.3259
10073,31.1206
10074,53.6905
10075,45.0992
10076,20.8304
10077,62.1872
10078,35.3732
10079,63.1096
10080,43.8102
10081,13.0262
10082,7.41758
10083,33.7562
10084,73.6693
10085,10.7351
10086,46.462
10087,29.5533
10088,49.9208
10089,84.6573
10090,84.2216
10091,45.672
10092,41.4473
10093,31.4057
10094,59.6583
10095,39.8593
10096,74.9815
10097,41.7963
10098,41.0614
10099,43.7821
10100,26.6226
10101,87.0646
10102,29.1969
10103,75.6471
10104,83.1626
10105,45.7326
10106,10.1989
10107,65.3027
10108,14.6098
10109,90.3869
10110,53.103
10111,37.4612
10112,40.7249
10113,30.0535
10114,32.7258
10115,93.1535
10116,59.961
10117,21.3166
10118,13.2306
10119,12.3435
10120,47.6445
10121,77.8565
10122,34.335
10123,57.1688
10124,74.9062
10125,30.506
10126,31.2456
10127,82.7727
10128,44.721
10129,18.1361
10130,50.2851
10131,19.8493
10132,36.1445
10133,30.6525
10134,29.2975
10135,44.1102
10136,51.2692
10137,47.1487
10138,40.2549
10139,38.7861
10140,37.6886
10141,68.1127
10142,38.8662
10143,63.9256
10144,67.8967
10145,11.4175
10146,13.1982
10147,42.9986
10148,74.3176
10149,42.4198
10150,84.4633
10151,8.07502
10152,84.2246
10153,36.2765
10154,78.8105
10155,54.5001
10156,87.9592
10157,91.425
10158,88.9816
10159,66.1315
10160,34.2577
10161,77.7387
10162,31.1833
10163,29.5313
10164,46.4519
10165,15.2451
10166,48.0237
10167,87.9577
10168,26.4729
10169,7.39071
10170,34.1754
10171,65.6927
10172,30.1099
10173,60.5991
10174,34.8384
10175,33.5754
10176,26.0631
10177,20.4809
10178,57.3065
10179,49.1638
10180,52.8397
10181,71.3524
10182,52.0472
10183,35.9874
10184,88.0209
10185,61.5366
10186,35.9461
10187,78.9345
10188,37.8988
10189,56.1767
10190,15.6649
10191,54.347
10192,54.7145
10193,11.0948
10194,33.9109
10195,11.584
10196,58.9204
10197,66.9974
10198,19.6383
10199,49.4522
10200,47.4407
10201,28.286
10202,73.9452
10203,25.3521
10204,68.7969
10205,26.7282
10206,63.0804
10207,75.2245
10208,21.5764
10209,51.3168
10210,30.4316
10211,44.3205
10212,21.9244
10213,40.7785
10214,23.9697
10215,46.7766
10216,61.015
10217,29.9191
10218,26.4096
10219,87.5846
10220,53.6285
10221,9.09489
10222,69.263
10223,67.1222
10224,13.3436
10225,25.5348
10226,87.1942
10227,69.8382
10228,46.2318
10229,19.009
10230,79.0706
10231,76.2118
10232,84.3849
10233,37.7161
10234,83.8452
10235,45.8172
10236,12.3239
10237,85.1203
10238,90.5834
10239,39.8551
10240,13.1078
10241,48.9896
10242,89.9244
10243,35.0098
10244,63.4835
10245,35.8574
10246,52.7657
10247,45.8911
10248,52.6045
10249,91.4728
10250,73.7621
10251,40.5907
10252,28.0995
10253,48.4044
10254,55.2653
10255,48.9075
10256,11.5564
10257,26.3719
10258,82.2694
10259,86.0142
10260,76.7937
10261,89.0597
10262,76.6462
10263,18.1976
10264,43.8321
10265,41.381
10266,10.4915
10267,33.4926
10268,30.1561
10269,52.4905
10270,44.62
10271,52.1525
10272,56.3918
10273,34.595
10274,25.5376
10275,9.891
10276,48.3684
10277,49.2985
10278,86.5699
10279,27.983
10280,55.054
10281,59.317
10282,67.4858
10283,28.6014
10284,29.34
10285,29.626
10286,37.7443
10287,58.4242
10288,80.4829
10289,80.3095
10290,35.0807
10291,93.9779
10292,24.2583
10293,11.3851
10294,47.0707
10295,71.121
10296,71.3848
10297,36.334
10298,57.5161
10299,36.2067
10300,30.7081
10301,55.8628
10302,86.3526
10303,27.9594
10304,58.745
10305,67.9061
10306,84.1712
10307,7.65517
10308,90.1964
10309,84.6676
10310,25.5471
10311,93.1099
10312,42.2853
10313,56.513
10314,12.2108
10315,61.0125
10316,80.7171
10317,73.9378
10318,39.6704
10319,58.3699
10320,72.8281
10321,70.6244
10322,29.1283
10323,34.4154
10324,44.3932
10325,68.3815
10326,63.9171
10327,52.2573
10328,57.2397
10329,74.6606
10330,46.395
10331,80.9146
10332,47.3973
10333,30.7989
10334,41.8314
10335,66.4466
10336,52.6116
10337,27.0655
10338,19.2357
10339,26.2205
10340,64.6795
10341,76.9804
10342,80.979
10343,27.2983
10344,67.5032
10345,86.776
10346,45.4776
10347,30.8142
10348,53.2028
10349,14.2947
10350,13.7511
10351,74.4179
10352,92.2523
10353,61.9821
10354,65.8345
10355,34.6066
10356,19.8953
10357,17.0212
10358,83.3888
10359,44.9535
10360,32.0572
10361,55.6729
10362,39.0566
10363,84.2143
10364,31.2685
10365,52.5796
10366,38.8362
10367,29.9371
10368,16.4143
10369,44.2871
10370,74.0671
10371,52.4715
10372,12.4817
10373,29.8319
10374,69.4419
10375,93.3365
10376,28.6977
10377,59.0557
10378,67.9686
10379,28.5674
10380,41.9722
10381,43.185
10382,42.4274
10383,53.4998
10384,13.3864
10385,30.4137
10386,75.9863
10387,15.9529
10388,31.9459
10389,88.0041
10390,29.6374
10391,84.1396
10392,13.3718
10393,37.4822
10394,48.2633
10395,72.8839
10396,69.1587
10397,88.0811
10398,80.8429
10399,34.3273
10400,42.9739
10401,46.42
10402,13.3365
10403,37.7665
10404,83.2809
10405,16.7084
10406,90.1203
10407,77.5913
10408,31.4009
10409,72.5729
10410,31.2309
10411,87.9535
10412,32.9296
10413,53.6816
10414,29.2894
10415,15.6114
10416,22.2015
10417,29.9697
10418,24.5155
10419,35.2468
10420,43.8667
10421,87.4441
10422,38.4241
10423,31.8149
10424,42.5287
10425,57.9249
10426,52.7775
10427,60.8409
10428,35.3837
10429,91.7133
10430,73.991
10431,70.2946
10432,34.5425
10433,14.0783
10434,26.2992
10435,70.7607
10436,40.178
10437,74.9989
10438,29.0964
10439,90.0976
10440,55.9433
10441,41.7226
10442,22.05
10443,38.1351
10444,42.9591
10445,85.052
10446,70.6695
10447,13.3898
10448,72.1986
10449,78.5743
10450,51.3063
10451,29.2704
10452,24.3403
10453,41.6977
10454,88.2104
10455,85.5202
10456,9.82214
10457,58.5216
10458,31.4966
10459,49.4453
10460,40.3287
10461,80.1274
10462,52.4469
10463,41.5653
10464,43.9843
10465,19.9313
10466,67.7383
10467,43.1365
10468,45.486
10469,44.1403
10470,82.8217
10471,58.5005
10472,61.0416
10473,33.5644
10474,56.6181
10475,58.8227
10476,66.8436
10477,82.6204
10478,20.5229
10479,26.2058
10480,42.8136
10481,65.1565
10482,30.0935
10483,20.0214
10484,58.7118
10485,61.5442
10486,80.0676
10487,24.5764
10488,39.3555
10489,70.4539
10490,80.838
10491,30.4865
10492,41.369
10493,64.2699
10494,37.8068
10495,31.1177
10496,15.9788
10497,18.0365
10498,28.3519
10499,78.899
10500,41.5859
10501,26.3237
10502,42.3146
10503,10.7618
10504,89.2676
10505,34.1663
10506,34.2078
10507,84.167
10508,72.3587
10509,86.0198
10510,59.9196
10511,51.005
10512,34.7154
10513,26.9826
10514,78.2187
10515,25.7532
10516,85.9008
10517,34.9732
10518,48.1288
10519,34.3497
10520,85.4951
10521,77.3949
10522,12.6666
10523,61.9378
10524,33.7678
10525,30.0687
10526,49.4227
10527,81.6267
10528,78.8241
10529,67.9266
10530,45.6148
10531,65.1791
10532,83.802
10533,49.5344
10534,89.8282
10535,14.9232
10536,61.3635
10537,42.7831
10538,39.5361
10539,15.7791
10540,55.5258
10541,34.2267
10542,74.654
10543,86.3082
10544,50.3337
10545,69.3821
10546,28.1556
10547,21.7341
10548,91.3271
10549,21.5265
10550,39.4341
10551,44.2909
10552,35.7976
10553,28.6277
10554,48.8569
10555,17.3521
10556,14.9817
10557,25.1584
10558,34.1741
10559,54.328
10560,46.0957
10561,22.3409
10562,36.1797
10563,29.5597
10564,25.6593
10565,51.3078
10566,66.1305
10567,90.3213
10568,40.1033
10569,31.7715
10570,89.1142
10571,28.4225
10572,72.516
10573,36.7493
10574,13.5215
10575,86.7454
10576,80.5509
10577,67.0232
10578,36.3109
10579,74.2055
10580,13.9115
10581,17.6847
10582,40.2237
10583,32.1285
10584,48.8412
10585,76.5328
10586,76.7103
10587,65.4445
10588,30.2853
10589,17.6565
10590,25.6606
10591,11.6471
10592,51.04
10593,46.8943
10594,82.2516
10595,33.7458
10596,78.7092
10597,41.7926
10598,32.0824
10599,10.354
10600,73.1012
10601,34.2628
10602,32.8104
10603,63.9636
10604,73.0739
10605,60.4394
10606,32.6815
10607,38.9684
10608,70.4418
10609,69.1877
10610,37.4419
10611,67.0271
10612,30.37
10613,35.3539
10614,49.8756
10615,73.401
10616,42.5995
10617,56.171
10618,43.8791
10619,8.03107
10620,63.9107
10621,60.44
10622,41.8011
10623,48.801
10624,58.5967
10625,16.7775
10626,22.7993
10627,32.5678
10628,76.191
10629,38.0763
10630,42.1361
10631,35.1407
10632,51.7278
10633,33.075
10634,48.6178
10635,89.1061
10636,28.0629
10637,62.5733
10638,15.178
10639,29.0227
10640,74.5858
10641,8.92303
10642,79.6841
10643,91.6435
10644,47.3988
10645,42.5812
10646,68.7743
10647,32.5537
10648,32.8411
10649,42.8415
10650,89.4067
10651,28.2195
10652,29.3832
10653,41.2459
10654,46.2505
10655,61.6428
10656,18.2415
10657,23.4446
10658,23.2216
10659,29.6704
10660,33.2409
10661,24.2988
10662,42.3284
10663,20.867
10664,32.8205
10665,27.7232
10666,32.8066
10667,53.8325
10668,64.5775
10669,31.1526
10670,36.9195
10671,59.3824
10672,26.9502
10673,30.1979
10674,15.9913
10675,27.9047
10676,55.8331
10677,45.0653
10678,81.4629
10679,57.6447
10680,12.4766
10681,75.9256
10682,86.5333
10683,63.0602
10684,25.1955
10685,30.5782
10686,27.4688
10687,25.5942
10688,36.4411
10689,64.0853
10690,41.1228
10691,24.8248
10692,19.8528
10693,35.2146
10694,61.4549
10695,49.5711
10696,62.9588
10697,22.4888
10698,41.2819
10699,78.0803
10700,17.6125
10701,84.1358
10702,17.5726
10703,42.9917
10704,58.8933
10705,15.782
10706,32.662
10707,76.489
10708,75.9862
10709,26.69
10710,88.5587
10711,52.4873
10712,85.7418
10713,24.0068
10714,86.0501
10715,26.6147
10716,29.8236
10717,78.791
10718,74.1982
10719,41.0619
10720,58.8151
10721,69.0903
10722,42.137
10723,31.7699
10724,24.1829
10725,42.9891
10726,57.4557
10727,13.0311
10728,76.4452
10729,46.7112
10730,52.6038
10731,30.0689
10732,52.1353
10733,41.2633
10734,38.0374
10735,20.0492
10736,56.9358
10737,53.5402
10738,31.215
10739,21.4979
10740,16.3677
10741,40.6517
10742,71.1287
10743,93.7243
10744,40.5932
10745,26.3403
10746,49.6454
10747,64.4035
10748,29.4223
10749,29.3104
10750,33.8827
10751,56.3376
10752,30.0049
10753,53.637
10754,87.815
10755,51.7078
10756,66.3859
10757,33.847
10758,34.0552
10759,68.8927
10760,71.7143
10761,44.1634
10762,40.7832
10763,53.0541
10764,10.0888
10765,26.93
10766,84.7004
10767,69.5206
10768,36.2901
10769,75.6335
10770,29.1645
10771,16.5155
10772,59.1106
10773,23.7035
10774,73.6561
10775,15.2247
10776,38.255
10777,44.661
10778,29.7994
10779,22.7955
10780,48.6361
10781,8.88813
10782,67.9751
10783,62.9945
10784,71.0607
10785,24.8093
10786,58.4615
10787,15.3599
10788,39.27
10789,62.225
10790,31.9247
10791,33.293
10792,20.3764
10793,35.3107
10794,31.6276
10795,88.5101
10796,57.0833
10797,29.4075
10798,21.173
10799,41.2413
10800,19.3947
10801,58.8397
10802,64.7693
10803,58.7118
10804,28.5949
10805,16.0286
10806,59.5729
10807,25.2911
10808,71.0206
10809,40.5617
10810,39.4054
10811,13.1494
10812,24.0659
10813,35.5928
10814,86.4811
10815,32.0557
10816,30.4916
10817,31.2865
10818,76.7042
10819,88.0539
10820,60.2171
10821,14.8205
10822,21.255
10823,50.999
10824,53.9229
10825,14.4901
10826,74.3717
10827,29.9969
10828,45.1826
10829,45.2677
10830,73.1722
10831,33.2588
10832,38.4902
10833,34.731
10834,9.47732
10835,58.6731
10836,35.2902
10837,65.7846
10838,41.4423
10839,72.2389
10840,17.5502
10841,45.4829
10842,31.1933
10843,57.3378
10844,31.3043
10845,28.0111
10846,88.3722
10847,8.8762
10848,30.4274
10849,36.4327
10850,87.0819
10851,74.061
10852,9.0916
10853,27.673
10854,38.9296
10855,48.179
10856,53.2122
10857,52.1332
10858,48.0449
10859,41.088
10860,43.0046
10861,43.771
10862,44.8405
10863,44.7023
10864,58.884
10865,17.1796
10866,73.8357
10867,8.68116
10868,50.5851
10869,39.8486
10870,87.3884
10871,40.5428
10872,53.3803
10873,21.756
10874,67.7927
10875,26.5475
10876,82.3776
10877,63.614
10878,24.6529
10879,45.0363
10880,63.1147
10881,44.4972
10882,26.4415
10883,17.7588
10884,73.4357
10885,72.7767
10886,42.8715
10887,70.35
10888,67.2838
10889,20.2757
10890,10.9224
10891,31.8604
10892,64.8152
10893,84.5967
10894,76.4999
10895,10.0573
10896,23.4915
10897,33.9522
10898,7.62633
10899,17.2577
10900,82.4766
10901,76.6561
10902,82.8847
10903,81.9405
10904,29.7944
10905,17.6398
10906,27.4315
10907,56.3795
10908,83.5064
10909,20.2043
10910,61.2877
10911,78.9514
10912,28.6405
10913,50.6817
10914,88.8345
10915,93.0149
10916,30.572
10917,38.6573
10918,81.9773
10919,38.1921
10920,25.2096
10921,45.6825
10922,66.8932
10923,67.5054
10924,57.6204
10925,55.0324
10926,32.6948
10927,34.6223
10928,81.4447
10929,52.454
10930,38.9885
10931,41.9325
10932,82.109
10933,71.4803
10934,35.7477
10935,7.66721
10936,56.8744
10937,30.8598
10938,30.9949
10939,47.2071
10940,15.6576
10941,79.3157
10942,58.8047
10943,38.1091
10944,72.3274
10945,9.36956
10946,69.1312
10947,14.6693
10948,21.1412
10949,26.4278
10950,65.9996
10951,87.3833
10952,60.7239
10953,41.4209
10954,22.8882
10955,30.6784
10956,30.1828
10957,72.1271
10958,27.308
10959,33.1879
10960,83.2493
10961,22.4008
10962,59.3727
10963,37.9707
10964,84.7174
10965,40.8482
10966,8.44124
10967,27.1629
10968,72.4968
10969,95.4645
10970,10.9065
10971,72.6513
10972,83.1374
10973,53.2278
10974,74.3175
10975,84.2866
10976,7.38926
10977,88.8254
10978,78.6663
10979,84.2645
10980,89.0329
10981,44.7499
10982,67.0343
10983,35.6148
10984,15.7074
10985,40.6537
10986,57.2504
10987,32.2275
10988,74.9274
10989,79.6989
10990,16.8019
10991,46.8922
10992,80.2285
10993,53.0139
10994,49.2645
10995,88.7973
10996,31.3843
10997,71.6747
10998,18.4513
10999,85.8182
11000,56.9098
11001,34.3068
11002,19.8331
11003,29.2421
11004,43.1598
11005,50.1848
11006,12.4567
11007,15.2726
11008,31.2017
11009,17.8601
11010,39.8909
11011,44.1758
11012,39.4718
11013,74.5468
11014,65.2145
11015,87.54
11016,75.1191
11017,12.7531
11018,76.5186
11019,42.3175
11020,18.8098
11021,26.1405
11022,43.9277
11023,62.7127
11024,35.6251
11025,46.8953
11026,32.2831
11027,50.7395
11028,35.2602
11029,77.8358
11030,67.638
11031,27.3361
11032,29.5208
11033,35.2507
11034,66.67
11035,13.8406
11036,12.4789
11037,13.9233
11038,12.6459
11039,90.6577
11040,38.418
11041,21.1525
11042,41.294
11043,61.5462
11044,45.6405
11045,38.8636
11046,69.55
11047,67.5458
11048,19.1145
11049,40.7364
11050,48.5057
11051,38.2696
11052,28.6789
11053,44.9222
11054,52.8082
11055,82.6693
11056,42.9422
11057,30.1516
11058,36.8376
11059,37.8588
11060,73.9092
11061,10.4649
11062,39.056
11063,7.89511
11064,46.6906
11065,56.2437
11066,8.83622
11067,24.6245
11068,21.7728
11069,69.2494
11070,8.1769
11071,35.7139
11072,46.6377
11073,34.8928
11074,29.6494
11075,43.4625
11076,34.0642
11077,83.0238
11078,71.1819
11079,60.9493
11080,67.2336
11081,83.7404
11082,29.0002
11083,9.178
11084,50.3179
11085,17.3169
11086,79.9014
11087,27.3157
11088,22.4096
11089,28.8787
11090,29.2094
11091,33.7868
11092,45.1383
11093,69.6981
11094,38.0119
11095,78.8504
11096,77.7618
11097,21.832
11098,19.7321
11099,39.2946
11100,55.1699
11101,40.7563
11102,36.9328
11103,32.4854
11104,73.2505
11105,83.113
11106,29.857
11107,68.4249
11108,79.3807
11109,77.939
11110,52.3586
11111,70.6726
11112,37.8725
11113,44.1107
11114,27.5056
11115,87.2595
11116,75.7137
11117,89.5246
11118,16.4743
11119,74.476
11120,68.199
11121,53.6457
11122,53.0807
11123,48.7171
11124,33.7055
11125,38.7013
11126,79.175
11127,45.808
11128,84.0522
11129,62.2753
11130,19.8297
11131,82.3756
11132,59.7131
11133,9.77647
11134,77.8234
11135,61.7652
11136,56.7464
11137,53.5566
11138,23.6828
11139,73.0759
11140,54.3886
11141,31.4199
11142,85.2853
11143,19.868
11144,38.5545
11145,12.4798
11146,50.5893
11147,29.589
11148,82.7785
11149,9.50092
11150,58.7422
11151,77.1987
11152,50.2422
11153,26.7108
11154,51.4009
11155,34.4657
11156,72.0481
11157,43.3362
11158,17.717
11159,56.439
11160,34.5155
11161,19.4881
11162,27.4567
11163,34.386
11164,29.0966
11165,27.7287
11166,68.479
11167,27.9198
11168,39.3546
11169,42.4879
11170,31.0106
11171,37.1031
11172,80.3214
11173,25.2895
11174,70.2789
11175,41.0208
11176,32.6927
11177,22.7723
11178,46.8591
11179,72.6665
11180,43.9445
11181,20.5427
11182,87.3421
11183,39.8453
11184,64.7355
11185,59.7468
11186,87.4081
11187,38.1017
11188,58.1952
11189,54.6015
11190,33.2411
11191,41.2201
11192,39.4749
11193,13.0891
11194,16.983
11195,43.4844
11196,33.4165
11197,22.6865
11198,42.1937
11199,44.6507
11200,59.2919
11201,37.3043
11202,27.3385
11203,27.6601
11204,12.2054
11205,17.8895
11206,17.5558
11207,60.2829
11208,53.9848
11209,14.7654
11210,29.319
11211,90.0854
11212,41.7837
11213,29.5648
11214,82.6925
11215,10.6661
11216,11.1138
11217,80.7757
11218,31.181
11219,54.9743
11220,36.5894
11221,72.4427
11222,27.8288
11223,33.4389
11224,87.7095
11225,73.1072
11226,42.4447
11227,75.4749
11228,40.6329
11229,76.2265
11230,67.9154
11231,12.7988
11232,89.59
11233,87.8505
11234,8.19146
11235,50.1869
11236,46.5876
11237,71.4331
11238,18.425
11239,84.2984
11240,64.5987
11241,89.5561
11242,43.6182
11243,27.2721
11244,59.0994
11245,74.8952
11246,67.1921
11247,18.1835
11248,53.6937
11249,46.9418
11250,21.2811
11251,59.3767
11252,33.3912
11253,63.0441
11254,23.6198
11255,67.9063
11256,79.4175
11257,89.4871
11258,64.6781
11259,64.4333
11260,81.7392
11261,58.5821
11262,68.0027
11263,67.1553
11264,61.6052
11265,52.8386
11266,31.1899
11267,38.0162
11268,18.8615
11269,46.7746
11270,35.5797
11271,70.1516
11272,48.0904
11273,30.253
11274,13.3088
11275,80.4744
11276,13.9161
11277,59.8314
11278,44.629
11279,26.3924
11280,64.8016
11281,22.5251
11282,19.3732
11283,82.0479
11284,39.8919
11285,43.8416
11286,88.8582
11287,81.1386
11288,78.0018
11289,82.8794
11290,26.7637
11291,41.8208
11292,54.9858
11293,27.0951
11294,36.5942
11295,75.3831
11296,81.7781
11297,13.4541
11298,35.2006
11299,86.378
11300,77.8956
11301,36.6931
11302,78.3754
11303,48.3026
11304,76.4643
11305,25.1076
11306,22.9209
11307,29.3345
11308,44.3793
11309,14.0487
11310,52.557
11311,73.1079
11312,27.5099
11313,32.3205
11314,35.1582
11315,33.0357
11316,46.7261
11317,33.2469
11318,34.7106
11319,52.6499
11320,47.3721
11321,9.38016
11322,41.8269
11323,52.378
11324,74.1022
11325,53.3073
11326,26.2992
11327,21.4141
11328,83.7299
11329,33.314
11330,13.7189
11331,36.5682
11332,13.8626
11333,37.4832
11334,71.574
11335,84.512
11336,76.006
11337,32.602
11338,17.4091
11339,76.8593
11340,69.6277
11341,64.0732
11342,39.5586
11343,53.2628
11344,35.6586
11345,46.571
11346,58.1258
11347,26.656
11348,58.2279
11349,18.7611
11350,83.7837
11351,17.6861
11352,7.48188
11353,55.9377
11354,52.5084
11355,69.6394
11356,63.8478
11357,57.8312
11358,30.3116
11359,50.5163
11360,39.6922
11361,85.7353
11362,76.3881
11363,43.844
11364,26.0103
11365,27.6342
11366,43.1072
11367,49.1185
11368,32.8599
11369,74.2512
11370,83.5736
11371,53.8933
11372,78.5493
11373,48.7511
11374,95.7547
11375,39.4613
11376,40.4236
11377,53.2298
11378,49.3453
11379,45.5341
11380,34.1558
11381,19.9774
11382,64.2658
11383,47.2906
11384,70.6635
11385,87.4872
11386,54.3304
11387,27.4685
11388,75.3953
11389,42.8822
11390,13.6807
11391,34.9555
11392,61.5135
11393,67.366
11394,75.7632
11395,37.9617
11396,27.1358
11397,57.7178
11398,28.7833
11399,32.5986
11400,73.3752
11401,55.7998
11402,26.1129
11403,90.3796
11404,36.2597
11405,92.4017
11406,81.877
11407,20.3758
11408,38.0179
11409,61.675
11410,50.3898
11411,66.8407
11412,58.911
11413,24.7101
11414,14.4028
11415,39.3707
11416,40.9174
11417,58.1936
11418,38.0118
11419,95.0421
11420,31.5567
11421,28.8401
11422,17.6884
11423,27.7146
11424,10.5713
11425,36.1926
11426,90.6469
11427,29.0558
11428,21.2949
11429,63.2901
11430,60.1348
11431,28.5697
11432,78.0108
11433,64.8663
11434,26.6833
11435,45.8645
11436,64.27
11437,13.6978
11438,53.1295
11439,50.9761
11440,65.3218
11441,64.3976
11442,81.4646
11443,12.66
11444,27.107
11445,38.3764
11446,59.9388
11447,63.3638
11448,41.1571
11449,29.1801
11450,70.8417
11451,47.8836
11452,75.9648
11453,11.3946
11454,29.5757
11455,34.3729
11456,78.764
11457,53.0956
11458,38.6173
11459,87.5794
11460,43.0302
11461,36.2566
11462,18.1952
11463,59.9957
11464,17.4719
11465,59.7257
11466,65.2247
11467,7.65542
11468,37.7005
11469,87.0265
11470,20.7668
11471,56.108
11472,26.2834
11473,26.5324
11474,40.9139
11475,66.1008
11476,38.9144
11477,11.3743
11478,10.0359
11479,77.5269
11480,43.8975
11481,30.29
11482,7.20598
11483,35.2799
11484,46.3275
11485,15.585
11486,23.7973
11487,70.0617
11488,23.1753
11489,65.9927
11490,91.2556
11491,12.3107
11492,36.3682
11493,19.6997
11494,47.2196
11495,41.6938
11496,19.043
11497,88.8823
11498,57.6039
11499,23.1611
11500,14.2787
11501,15.1227
11502,43.1958
11503,49.1569
11504,25.3036
11505,25.4128
11506,88.3476
11507,77.0062
11508,29.8489
11509,49.4254
11510,70.6035
11511,82.0682
11512,41.5305
11513,34.8392
11514,28.9853
11515,70.2515
11516,86.8528
11517,59.5363
11518,85.5686
11519,20.4585
11520,38.2205
11521,24.9771
11522,41.4754
11523,85.8767
11524,43.3235
11525,15.1684
11526,31.833
11527,33.9144
11528,56.0595
11529,74.9903
11530,22.4795
11531,14.7409
11532,16.7503
11533,20.9269
11534,46.9767
11535,9.85437
11536,78.5152
11537,71.8403
11538,51.8922
11539,89.5949
11540,43.2338
11541,79.0181
11542,21.7812
11543,55.4965
11544,31.1097
11545,18.7401
11546,9.70239
11547,26.6476
11548,64.4804
11549,39.6474
11550,74.8751
11551,22.6442
11552,23.4335
11553,42.0451
11554,28.296
11555,45.7656
11556,26.1876
11557,54.441
11558,69.0381
11559,26.7386
11560,63.3216
11561,69.89
11562,33.5822
11563,31.8553
11564,85.1868
11565,64.2769
11566,10.2599
11567,57.5127
11568,75.7441
11569,41.9859
11570,65.1274
11571,76.3314
11572,29.5846
11573,27.4995
11574,69.9494
11575,47.5724
11576,18.5158
11577,10.9697
11578,44.0643
11579,50.8126
11580,31.4954
11581,50.104
11582,38.9676
11583,28.0845
11584,44.7805
11585,54.8325
11586,57.2124
11587,43.1665
11588,64.8831
11589,29.108
11590,25.4835
11591,68.1222
11592,51.9846
11593,25.3385
11594,22.471
11595,29.115
11596,32.9256
11597,27.5084
11598,47.8551
11599,44.7096
11600,40.7043
11601,82.7309
11602,50.1723
11603,21.0773
11604,31.5247
11605,29.9432
11606,35.9351
11607,11.6809
11608,38.9849
11609,80.699
11610,62.6909
11611,15.6819
11612,43.4221
11613,28.6128
11614,59.289
11615,53.7163
11616,90.6617
11617,21.8128
11618,89.4765
11619,77.9837
11620,79.8445
11621,16.9506
11622,30.4182
11623,36.125
11624,29.9906
11625,34.1608
11626,82.2866
11627,11.6378
11628,46.6465
11629,13.5677
11630,77.813
11631,31.1771
11632,29.3973
11633,29.3791
11634,40.2478
11635,55.7609
11636,29.414
11637,29.8615
11638,44.5361
11639,68.9686
11640,50.3457
11641,28.0316
11642,82.5404
11643,53.6293
11644,50.4655
11645,74.1579
11646,45.9807
11647,37.3041
11648,50.9559
11649,28.125
11650,72.4479
11651,20.1119
11652,86.7613
11653,69.2915
11654,59.7458
11655,94.9555
11656,19.1811
11657,70.2567
11658,11.9123
11659,33.2209
11660,47.5812
11661,43.8617
11662,28.9643
11663,31.59
11664,55.9936
11665,53.6075
11666,77.7951
11667,35.7313
11668,30.0073
11669,80.6435
11670,66.5293
11671,75.5585
11672,30.7493
11673,20.3958
11674,55.0083
11675,64.032
11676,66.0673
11677,9.17954
11678,30.8728
11679,51.5062
11680,31.9062
11681,26.1557
11682,39.6241
11683,53.3595
11684,54.0823
11685,16.1944
11686,64.0679
11687,7.07266
11688,17.6034
11689,33.1618
11690,76.355
11691,84.7005
11692,79.8376
11693,78.2435
11694,68.2509
11695,27.3146
11696,47.662
11697,88.9089
11698,85.5332
11699,24.4043
11700,54.4419
11701,54.3275
11702,16.461
11703,25.1798
11704,38.2406
11705,39.7261
11706,67.1711
11707,26.754
11708,58.6412
11709,33.4354
11710,27.9304
11711,19.8867
11712,25.9316
11713,49.2912
11714,33.785
11715,37.1259
11716,49.0191
11717,10.7537
11718,23.5225
11719,36.2459
11720,54.1465
11721,37.4097
11722,31.6882
11723,36.3095
11724,33.1439
11725,21.0941
11726,72.9689
11727,32.2017
11728,42.0636
11729,92.2844
11730,27.8411
11731,81.1883
11732,15.5488
11733,59.1613
11734,31.2695
11735,62.7155
11736,35.5774
11737,56.9156
11738,34.6064
11739,84.1132
11740,28.3266
11741,27.9001
11742,11.998
11743,42.5288
11744,58.5456
11745,54.3381
11746,7.64397
11747,78.5872
11748,23.1994
11749,38.384
11750,9.19016
11751,36.8098
11752,28.0488
11753,85.5558
11754,44.0187
11755,39.7292
11756,47.5434
11757,40.1294
11758,50.6409
11759,59.2084
11760,81.4104
11761,24.2737
11762,84.7246
11763,53.3758
11764,10.4799
11765,62.9475
11766,30.0106
11767,37.6838
11768,34.21
11769,56.0832
11770,28.5932
11771,25.6488
11772,28.0866
11773,40.8581
11774,51.7291
11775,55.2123
11776,38.1273
11777,25.7978
11778,49.7198
11779,87.5461
11780,61.0158
11781,30.2629
11782,40.8993
11783,49.5448
11784,64.9534
11785,52.7473
11786,38.9947
11787,45.677
11788,84.3397
11789,27.2942
11790,33.0031
11791,34.1525
11792,48.9187
11793,31.2942
11794,32.6974
11795,60.7583
11796,29.1971
11797,22.3375
11798,47.8984
11799,33.6538
11800,54.1077
11801,86.3302
11802,30.7305
11803,86.5853
11804,91.7423
11805,28.8014
11806,70.6782
11807,35.7547
11808,21.6431
11809,24.8861
11810,39.8394
11811,34.655
11812,19.0813
11813,43.3382
11814,17.8775
11815,29.4259
11816,45.9866
11817,49.0731
11818,90.0717
11819,58.1716
11820,31.8476
11821,78.4732
11822,70.1467
11823,45.7034
11824,14.8404
11825,88.9867
11826,70.7171
11827,8.41178
11828,55.1613
11829,15.0133
11830,79.4534
11831,18.2978
11832,37.9676
11833,41.3538
11834,47.9831
11835,9.9849
11836,52.7124
11837,69.304
11838,57.3406
11839,22.3579
11840,10.4484
11841,66.905
11842,32.4426
11843,33.5665
11844,40.0246
11845,35.1694
11846,74.3464
11847,89.9442
11848,67.4837
11849,26.1736
11850,32.5072
11851,34.7484
11852,38.1041
11853,70.3308
11854,84.8196
11855,49.2138
11856,90.4361
11857,65.2648
11858,43.3099
11859,63.5501
11860,11.5013
11861,90.0559
11862,14.7722
11863,30.9744
11864,40.0919
11865,42.9573
11866,26.5399
11867,27.2675
11868,46.6654
11869,38.594
11870,92.6649
11871,41.6485
11872,67.0236
11873,88.022
11874,84.9899
11875,69.2725
11876,9.23633
11877,37.1143
11878,28.8247
11879,36.287
11880,27.3254
11881,41.6022
11882,46.2511
11883,87.3984
11884,55.0195
11885,44.3768
11886,24.3777
11887,34.2399
11888,10.2395
11889,39.839
11890,16.4193
11891,36.647
11892,52.7663
11893,73.6408
11894,54.1946
11895,56.7224
11896,31.0116
11897,23.7416
11898,37.5022
11899,38.819
11900,31.423
11901,89.573
11902,62.1442
11903,53.3073
11904,49.0569
11905,30.7649
11906,37.9472
11907,28.7844
11908,9.46902
11909,28.4362
11910,36.1471
11911,8.26017
11912,32.7027
11913,16.8252
11914,30.2295
11915,50.3055
11916,55.1712
11917,65.7411
11918,19.9735
11919,77.0776
11920,88.6142
11921,85.9631
11922,89.8926
11923,48.179
11924,73.9786
11925,35.7824
11926,35.3195
11927,29.3159
11928,28.8424
11929,77.8586
11930,77.922
11931,85.7861
11932,61.2518
11933,96.4635
11934,38.4277
11935,79.6382
11936,67.5268
11937,31.2489
11938,48.1512
11939,29.9208
11940,67.2384
11941,78.9725
11942,47.6968
11943,29.8719
11944,29.4147
11945,63.365
11946,27.6216
11947,30.931
11948,54.1474
11949,52.7164
11950,69.39
11951,40.3772
11952,25.9843
11953,47.9748
11954,29.0539
11955,67.6445
11956,58.2908
11957,31.3396
11958,41.8716
11959,50.6257
11960,35.2397
11961,50.0612
11962,83.6931
11963,38.9436
11964,17.5191
11965,79.7582
11966,65.8767
11967,44.1573
11968,33.3099
11969,53.2758
11970,47.3355
11971,91.0386
11972,43.596
11973,39.5123
11974,42.0758
11975,89.3675
11976,30.6777
11977,38.8143
11978,27.2568
11979,52.0182
11980,63.1033
11981,31.5118
11982,16.1144
11983,81.757
11984,68.6187
11985,63.3647
11986,48.439
11987,65.3776
11988,27.0058
11989,56.471
11990,9.84968
11991,27.1771
11992,67.1212
11993,42.3811
11994,69.8415
11995,77.1108
11996,24.8883
11997,35.1575
11998,67.035
11999,35.396
12000,10.311
12001,43.0906
12002,83.7974
12003,14.2892
12004,59.1457
12005,25.8027
12006,47.4893
12007,55.0897
12008,52.7845
12009,30.387
12010,46.4954
12011,88.505
12012,60.3794
12013,60.7621
12014,66.8899
12015,30.9179
12016,82.5575
12017,40.5844
12018,32.667
12019,32.7791
12020,40.381
12021,28.7293
12022,59.1434
12023,42.6492
12024,34.1801
12025,42.7132
12026,28.515
12027,55.5394
12028,47.842
12029,84.8038
12030,45.1048
12031,35.8343
12032,67.0751
12033,47.7733
12034,59.3104
12035,44.2794
12036,88.8145
12037,29.0824
12038,11.1191
12039,68.309
12040,70.1646
12041,78.1437
12042,81.0009
12043,32.0929
12044,48.4314
12045,67.5487
12046,30.0055
12047,82.6843
12048,92.2497
12049,45.042
12050,36.5365
12051,15.1647
12052,94.5279
12053,21.255
12054,85.1614
12055,28.6702
12056,49.8433
12057,75.278
12058,18.581
12059,23.4877
12060,34.0414
12061,69.4568
12062,67.6477
12063,83.5314
12064,12.084
12065,58.6698
12066,52.282
12067,37.0527
12068,32.7211
12069,54.3045
12070,43.8666
12071,67.3148
12072,9.15512
12073,49.3908
12074,10.2937
12075,61.1909
12076,28.7713
12077,69.1899
12078,80.9087
12079,69.9226
12080,62.8069
12081,56.7492
12082,72.0107
12083,48.9887
12084,84.7271
12085,50.0878
12086,17.5531
12087,83.7515
12088,30.8681
12089,40.3084
12090,50.5665
12091,36.3625
12092,42.7285
12093,88.455
12094,13.6349
12095,40.3228
12096,6.74138
12097,80.3318
12098,18.5922
12099,75.3437
12100,52.6019
12101,27.0837
12102,88.2208
12103,32.032
12104,72.3748
12105,81.66
12106,33.0497
12107,83.8138
12108,28.6053
12109,25.7449
12110,30.4304
12111,49.3955
12112,86.3289
12113,87.5043
12114,53.5073
12115,61.0567
12116,10.8937
12117,81.7987
12118,27.4948
12119,23.1984
12120,33.6939
12121,15.9763
12122,89.5945
12123,31.4282
12124,44.3474
12125,13.8362
12126,76.4453
12127,27.0802
12128,66.2274
12129,23.3186
12130,48.764
12131,55.0209
12132,75.8386
12133,17.6301
12134,59.2122
12135,87.4856
12136,32.2665
12137,47.1488
12138,73.396
12139,72.9371
12140,56.5802
12141,68.9481
12142,45.4139
12143,53.069
12144,8.8833
12145,48.349
12146,41.6963
12147,44.4372
12148,27.2346
12149,32.6321
12150,48.8619
12151,42.3964
12152,36.1726
12153,27.7626
12154,62.1248
12155,42.0571
12156,27.7604
12157,7.64497
12158,15.5874
12159,22.4341
12160,21.2956
12161,59.0857
12162,79.5286
12163,20.2544
12164,35.6719
12165,24.7544
12166,74.8457
12167,55.303
12168,39.5596
12169,23.4581
12170,45.2359
12171,31.3159
12172,58.2597
12173,48.6021
12174,30.5567
12175,70.7746
12176,12.2397
12177,93.6506
12178,72.5975
12179,74.1786
12180,37.1802
12181,20.4995
12182,95.0609
12183,39.7769
12184,40.6419
12185,40.5328
12186,29.9758
12187,29.6602
12188,85.6951
12189,75.6405
12190,42.8497
12191,41.8395
12192,89.2584
12193,31.2721
12194,92.5962
12195,48.4093
12196,75.2182
12197,32.2927
12198,45.892
12199,28.8571
12200,29.5321
12201,31.3581
12202,28.3756
12203,44.8359
12204,11.1209
12205,27.702
12206,29.5356
12207,38.021
12208,52.3797
12209,65.8649
12210,7.41596
12211,12.2531
12212,27.3011
12213,80.576
12214,29.025
12215,6.70227
12216,17.8394
12217,55.4113
12218,42.7768
12219,63.4508
12220,29.6232
12221,46.6631
12222,35.8351
12223,40.5819
12224,32.326
12225,64.7068
12226,26.4456
12227,56.3886
12228,39.5067
12229,17.4735
12230,35.6436
12231,49.228
12232,76.267
12233,20.2977
12234,31.6406
12235,51.1464
12236,29.6515
12237,71.8578
12238,73.3005
12239,23.2386
12240,25.1998
12241,38.3125
12242,71.873
12243,48.7019
12244,68.4208
12245,88.002
12246,25.5168
12247,41.7986
12248,54.0953
12249,15.1907
12250,21.5898
12251,48.0075
12252,15.5978
12253,32.6415
12254,54.2424
12255,15.094
12256,68.0573
12257,46.1676
12258,94.5501
12259,56.931
12260,65.3982
12261,37.6527
12262,16.1582
12263,50.7939
12264,43.3356
12265,39.5531
12266,36.3483
12267,88.3111
12268,34.6229
12269,67.2534
12270,72.6155
12271,28.8175
12272,30.6945
12273,77.6919
12274,48.9998
12275,47.9778
12276,52.4545
12277,33.7533
12278,10.5084
12279,39.6644
12280,34.5911
12281,24.298
12282,60.2814
12283,29.0779
12284,43.8117
12285,58.4046
12286,84.2066
12287,63.1818
12288,10.353
12289,82.5137
12290,48.3134
12291,58.0966
12292,17.6551
12293,11.8717
12294,58.4808
12295,16.6059
12296,57.9395
12297,47.7698
12298,32.5918
12299,28.6492
12300,57.5989
12301,30.2332
12302,32.9705
12303,21.2484
12304,36.3412
12305,48.5762
12306,33.2465
12307,6.53859
12308,88.8508
12309,59.1529
12310,35.0463
12311,30.4797
12312,7.79864
12313,74.3584
12314,38.5282
12315,88.8809
12316,28.4851
12317,50.1748
12318,54.0957
12319,68.1187
12320,36.0361
12321,93.3424
12322,48.4799
12323,13.166
12324,50.6775
12325,79.3453
12326,63.952
12327,68.1114
12328,20.7483
12329,27.958
12330,51.271
12331,57.8555
12332,18.0723
12333,52.7678
12334,20.7154
12335,24.1167
12336,65.5938
12337,15.4678
12338,45.8397
12339,68.5205
12340,71.9134
12341,29.1618
12342,31.8998
12343,32.9121
12344,41.7039
12345,43.4015
12346,84.8189
12347,39.3542
12348,53.2134
12349,15.2725
12350,73.9867
12351,67.6257
12352,54.0614
12353,18.3654
12354,32.3896
12355,34.978
12356,66.0751
12357,87.3575
12358,28.466
12359,46.8805
12360,13.5713
12361,13.6902
12362,60.0343
12363,40.3359
12364,48.6023
12365,76.7833
12366,46.4983
12367,52.5225
12368,46.4492
12369,30.0494
12370,48.0135
12371,32.7262
12372,69.2007
12373,17.4372
12374,67.5857
12375,37.7481
12376,65.3384
12377,13.8448
12378,50.0457
12379,37.5515
12380,34.3905
12381,75.6943
12382,14.4539
12383,21.5824
12384,12.324
12385,85.3053
12386,72.4445
12387,33.8665
12388,72.5367
12389,86.9603
12390,70.8536
12391,26.8725
12392,10.2388
12393,72.6899
12394,68.2538
12395,31.5628
12396,39.0155
12397,54.6033
12398,70.7108
12399,32.3677
12400,91.0971
12401,73.2346
12402,28.1118
12403,48.1002
12404,60.9123
12405,83.4097
12406,30.156
12407,32.4051
12408,73.4945
12409,64.0244
12410,52.4799
12411,39.3642
12412,51.3946
12413,51.0459
12414,55.1371
12415,42.5919
12416,57.4729
12417,36.3585
12418,58.1317
12419,16.2446
12420,72.7011
12421,34.1364
12422,29.6973
12423,20.9577
12424,73.6611
12425,86.3272
12426,32.8745
12427,84.2416
12428,71.9748
12429,69.0952
12430,36.0118
12431,27.8845
12432,46.7259
12433,39.6647
12434,76.415
12435,52.9378
12436,8.05873
12437,40.9142
12438,52.6735
12439,27.0725
12440,89.3933
12441,87.5104
12442,48.1371
12443,70.6807
12444,37.0435
12445,32.9037
12446,83.9934
12447,40.7367
12448,50.5232
12449,14.04
12450,46.2291
12451,7.06928
12452,66.6613
12453,73.4904
12454,64.5077
12455,27.1069
12456,21.8664
12457,31.7022
12458,87.8055
12459,22.6854
12460,20.8199
12461,92.5962
12462,28.6395
12463,51.3735
12464,46.3722
12465,39.0595
12466,29.4272
12467,86.5497
12468,14.9469
12469,50.2828
12470,19.5041
12471,10.4371
12472,29.8025
12473,38.513
12474,10.9412
12475,13.5371
12476,7.95116
12477,36.2856
12478,73.9431
12479,73.4275
12480,86.7393
12481,28.2219
12482,26.5176
12483,32.4886
12484,63.7861
12485,82.0956
12486,33.6191
12487,44.3377
12488,75.8264
12489,52.9942
12490,30.893
12491,15.6736
12492,44.3666
12493,14.5533
12494,39.3503
12495,30.8913
12496,60.7542
12497,80.7621
12498,82.2037
12499,26.6394
12500,77.1579
12501,32.5915
12502,40.1214
12503,26.6582
12504,52.2034
12505,20.6573
12506,49.8535
12507,23.3448
12508,47.9066
12509,17.2508
12510,38.2508
12511,69.4255
12512,55.6684
12513,44.271
12514,33.6169
12515,78.0424
12516,43.8278
12517,25.7285
12518,53.0675
12519,92.535
12520,38.111
12521,80.7007
12522,84.8127
12523,85.1116
12524,93.1579
12525,35.9361
12526,81.3224
12527,71.5509
12528,9.46142
12529,83.7767
12530,56.4793
12531,35.6527
12532,37.8856
12533,16.8692
12534,35.719
12535,84.4818
12536,46.3336
12537,49.4694
12538,28.8258
12539,53.5038
12540,85.8676
12541,57.1593
12542,42.5834
12543,47.721
12544,28.0958
12545,58.9736
12546,35.2061
12547,27.4759
12548,62.8657
12549,47.2289
12550,16.2443
12551,26.9216
12552,49.1921
12553,18.1553
12554,11.0244
12555,48.185
12556,26.7606
12557,6.55225
12558,90.5079
12559,27.2329
12560,76.0735
12561,48.516
12562,58.0983
12563,31.6108
12564,38.1298
12565,33.2891
12566,42.2981
12567,92.4883
12568,84.4994
12569,30.8235
12570,81.7467
12571,50.7509
12572,31.6667
12573,45.3721
12574,89.9624
12575,54.8775
12576,31.4486
12577,87.1633
12578,46.1487
12579,30.7007
12580,84.8809
12581,43.9847
12582,71.7987
12583,82.7615
12584,8.89313
12585,25.2748
12586,81.9118
12587,24.2857
12588,47.1252
12589,84.4428
12590,18.7256
12591,70.8841
12592,27.8518
12593,92.3861
12594,69.1937
12595,29.715
12596,30.6772
12597,75.193
12598,69.3818
12599,28.2913
12600,18.0345
12601,49.3209
12602,40.3634
12603,80.165
12604,17.254
12605,85.4319
12606,6.63799
12607,90.3165
12608,61.5161
12609,50.2743
12610,40.6023
12611,30.946
12612,31.4269
12613,70.6013
12614,76.8594
12615,50.2793
12616,20.9069
12617,50.2738
12618,70.7818
12619,90.5763
12620,38.8267
12621,85.9092
12622,47.4662
12623,87.4065
12624,51.7806
12625,55.8936
12626,29.2415
12627,76.1926
12628,83.9469
12629,33.4196
12630,26.8249
12631,33.2027
12632,69.0228
12633,40.9748
12634,34.8465
12635,62.7149
12636,88.2455
12637,93.0786
12638,40.1596
12639,23.677
12640,63.6728
12641,55.8083
12642,43.9843
12643,29.1229
12644,29.6501
12645,52.0341
12646,33.8357
12647,17.798
12648,75.4101
12649,35.4017
12650,41.1662
12651,20.2371
12652,43.3742
12653,33.4409
12654,81.8609
12655,71.0815
12656,45.4729
12657,12.0824
12658,14.9804
12659,61.9385
12660,60.5787
12661,42.3324
12662,51.3285
12663,55.326
12664,9.61889
12665,10.9273
12666,39.0713
12667,77.7927
12668,47.4693
12669,41.0433
12670,29.1077
12671,49.3512
12672,16.2054
12673,34.5053
12674,87.0154
12675,42.6066
12676,69.2179
12677,76.2358
12678,49.5366
12679,32.7505
12680,46.2139
12681,73.3689
12682,18.6937
12683,25.1862
12684,70.8111
12685,36.7164
12686,81.4609
12687,82.505
12688,63.6287
12689,92.5685
12690,70.4847
12691,37.484
12692,45.6474
12693,84.2615
12694,27.3406
12695,80.4506
12696,79.1403
12697,9.92627
12698,65.3391
12699,75.9917
12700,26.362
12701,19.2883
12702,59.1766
12703,49.2221
12704,27.2054
12705,84.2539
12706,46.9725
12707,84.8314
12708,42.4589
12709,61.1621
12710,28.1116
12711,33.1109
12712,8.13849
12713,20.8198
12714,64.252
12715,14.024
12716,40.8113
12717,8.42238
12718,86.8389
12719,34.6333
12720,46.0052
12721,64.9557
12722,33.9187
12723,78.3623
12724,70.0652
12725,35.1164
12726,52.6398
12727,48.5797
12728,14.077
12729,80.6845
12730,46.4342
12731,53.0717
12732,29.3291
12733,38.0807
12734,30.2004
12735,27.0375
12736,27.5557
12737,33.0052
12738,17.6093
12739,80.1017
12740,42.3051
12741,88.8463
12742,93.8756
12743,54.2942
12744,50.3968
12745,85.8035
12746,89.8086
12747,23.6184
12748,28.8108
12749,51.6739
12750,26.5136
12751,18.0647
12752,30.5931
12753,81.7704
12754,42.949
12755,23.6115
12756,54.2175
12757,55.3631
12758,8.04747
12759,51.7083
12760,52.7609
12761,57.6584
12762,10.0059
12763,30.8767
12764,45.7922
12765,57.6437
12766,41.8995
12767,23.0851
12768,20.2224
12769,73.3995
12770,82.9427
12771,34.3114
12772,12.8269
12773,28.2692
12774,25.8955
12775,70.452
12776,64.7055
12777,90.5853
12778,50.9166
12779,30.2126
12780,7.8819
12781,27.8421
12782,68.7257
12783,23.5483
12784,34.5167
12785,37.4936
12786,55.155
12787,42.2022
12788,14.7784
12789,42.095
12790,62.5889
12791,94.8666
12792,32.2649
12793,42.5451
12794,35.712
12795,46.7428
12796,40.6923
12797,26.0822
12798,44.5753
12799,63.9465
12800,24.7138
12801,57.7252
12802,56.3454
12803,53.8043
12804,52.2748
12805,53.5067
12806,54.4388
12807,31.6774
12808,59.8264
12809,86.9574
12810,23.401
12811,44.2895
12812,44.0864
12813,71.4772
12814,47.3783
12815,47.6354
12816,38.0986
12817,11.2222
12818,38.1729
12819,17.6537
12820,28.0701
12821,29.2032
12822,30.9584
12823,19.082
12824,24.6415
12825,49.2607
12826,45.8201
12827,18.194
12828,77.8739
12829,71.9208
12830,66.872
12831,37.9804
12832,28.9466
12833,87.6029
12834,36.2274
12835,89.479
12836,26.533
12837,45.6702
12838,83.8414
12839,35.728
12840,41.9283
12841,39.8185
12842,35.6855
12843,21.1416
12844,84.1795
12845,31.3188
12846,86.5713
12847,40.3414
12848,69.7499
12849,49.0079
12850,30.3442
12851,96.5333
12852,47.7645
12853,10.8119
12854,38.0165
12855,21.5526
12856,75.261
12857,72.0667
12858,30.4644
12859,78.3684
12860,20.3135
12861,48.6648
12862,31.8566
12863,26.9108
12864,37.6466
12865,16.3981
12866,69.2888
12867,79.2869
12868,34.899
12869,88.9999
12870,45.0672
12871,75.9927
12872,73.5731
12873,39.5559
12874,32.0327
12875,55.6654
12876,10.4824
12877,66.7825
12878,55.3327
12879,35.423
12880,35.2458
12881,35.7706
12882,36.9867
12883,76.2753
12884,27.0321
12885,63.5822
12886,12.9516
12887,33.4376
12888,80.7637
12889,44.0001
12890,64.4746
12891,33.7312
12892,70.2772
12893,88.3341
12894,46.2092
12895,60.0148
12896,93.2426
12897,79.8754
12898,32.6173
12899,87.4016
12900,35.6818
12901,44.7006
12902,72.9696
12903,65.5739
12904,15.1632
12905,6.85083
12906,30.5407
12907,43.2122
12908,72.417
12909,18.8108
12910,19.7071
12911,45.0906
12912,27.2215
12913,25.9133
12914,50.6131
12915,60.9368
12916,68.0336
12917,75.1978
12918,45.6812
12919,49.3927
12920,7.98594
12921,87.2217
12922,59.9337
12923,7.6309
12924,46.4024
12925,47.9218
12926,24.2592
12927,61.2065
12928,31.679
12929,40.4223
12930,33.958
12931,55.5418
12932,85.4698
12933,29.8515
12934,48.4751
12935,29.1332
12936,69.6528
12937,30.5861
12938,48.7877
12939,46.6203
12940,63.9375
12941,71.4114
12942,11.6505
12943,43.5646
12944,58.6314
12945,33.8825
12946,54.8024
12947,6.64513
12948,34.8523
12949,49.1634
12950,69.8822
12951,31.3104
12952,50.9938
12953,46.0136
12954,43.3643
12955,69.9848
12956,83.9114
12957,59.0544
12958,88.8424
12959,54.6879
12960,31.3455
12961,37.4362
12962,39.9673
12963,40.8603
12964,45.7201
12965,32.8934
12966,41.1421
12967,47.6372
12968,38.1615
12969,37.4392
12970,42.7405
12971,8.65695
12972,34.2236
12973,42.2795
12974,49.8931
12975,35.4824
12976,30.8983
12977,52.0815
12978,49.7655
12979,40.8733
12980,79.8254
12981,9.3777
12982,49.0973
12983,75.7248
12984,36.0989
12985,52.3312
12986,69.2164
12987,35.6578
12988,46.449
12989,17.1407
12990,30.9075
12991,46.2392
12992,6.54445
12993,49.0371
12994,32.0716
12995,58.7307
12996,65.7501
12997,13.2777
12998,89.3787
12999,24.2113
13000,22.9768
13001,38.7801
13002,40.8383
13003,35.0366
13004,32.7138
13005,29.1065
13006,85.0568
13007,27.5285
13008,63.0609
13009,43.6347
13010,60.9901
13011,25.3949
13012,88.4248
13013,24.4129
13014,75.4335
13015,37.8628
13016,57.1682
13017,32.6027
13018,55.2965
13019,92.6418
13020,30.2471
13021,31.4772
13022,11.1062
13023,21.1647
13024,47.2
13025,32.6947
13026,52.2222
13027,29.5139
13028,14.1399
13029,23.7881
13030,38.6839
13031,13.9855
13032,49.0199
13033,89.4838
13034,33.9272
13035,40.2024
13036,48.7737
13037,29.0395
13038,18.0142
13039,79.6887
13040,33.4414
13041,78.9794
13042,68.1741
13043,36.2734
13044,41.1535
13045,43.5259
13046,61.8676
13047,65.3522
13048,64.2834
13049,37.4252
13050,88.8694
13051,64.6763
13052,19.0416
13053,29.9452
13054,39.592
13055,58.701
13056,16.6068
13057,67.4349
13058,57.1711
13059,36.1194
13060,39.9619
13061,19.9946
13062,73.9183
13063,36.7867
13064,34.389
13065,30.9618
13066,54.8095
13067,77.1143
13068,8.95082
13069,66.1856
13070,77.7437
13071,14.9457
13072,38.0912
13073,87.0932
13074,67.8474
13075,55.8523
13076,74.4686
13077,14.2003
13078,40.8151
13079,30.8612
13080,68.6217
13081,88.4921
13082,42.0198
13083,40.4622
13084,28.8045
13085,34.3771
13086,68.2875
13087,37.5956
13088,42.198
13089,21.0812
13090,84.5758
13091,25.1242
13092,14.8019
13093,74.0068
13094,35.3853
13095,71.7743
13096,45.5035
13097,49.16
13098,18.2879
13099,28.8392
13100,37.8109
13101,38.109
13102,12.8088
13103,29.6099
13104,37.4834
13105,53.9691
13106,84.4149
13107,46.7283
13108,33.1372
13109,48.196
13110,44.8279
13111,8.95913
13112,26.2448
13113,31.5526
13114,46.0068
13115,30.5329
13116,37.1266
13117,75.9331
13118,28.6534
13119,56.8718
13120,41.7802
13121,89.2256
13122,25.0663
13123,39.3824
13124,33.6517
13125,74.9744
13126,24.9056
13127,37.2605
13128,13.1636
13129,74.3614
13130,36.9202
13131,33.4602
13132,79.0846
13133,48.6829
13134,49.7742
13135,31.1791
13136,83.0784
13137,88.9517
13138,75.3996
13139,26.7297
13140,59.5779
13141,51.9575
13142,8.68908
13143,41.6959
13144,87.7343
13145,33.5134
13146,40.79
13147,21.042
13148,28.7016
13149,59.997
13150,85.3713
13151,58.2048
13152,50.3703
13153,68.1657
13154,37.5781
13155,31.0275
13156,56.9734
13157,52.5437
13158,44.8433
13159,25.7071
13160,88.6428
13161,14.0965
13162,87.7743
13163,9.30846
13164,69.912
13165,84.7303
13166,74.0045
13167,33.6253
13168,17.3525
13169,33.9535
13170,44.8496
13171,55.9069
13172,48.3048
13173,53.7568
13174,27.8756
13175,24.5451
13176,14.9995
13177,39.7093
13178,78.9245
13179,33.0749
13180,64.6142
13181,84.2897
13182,86.6616
13183,57.2894
13184,28.909
13185,85.5931
13186,48.9858
13187,60.9589
13188,45.3279
13189,51.3314
13190,48.7138
13191,46.8283
13192,76.873
13193,25.1733
13194,59.3476
13195,28.1327
13196,81.3585
13197,64.7456
13198,51.2085
13199,34.0526
13200,56.9407
13201,36.2451
13202,66.0914
13203,12.7992
13204,59.1175
13205,31.799
13206,44.7178
13207,38.2011
13208,76.8194
13209,84.6435
13210,13.2144
13211,91.0819
13212,25.3313
13213,75.5488
13214,50.1444
13215,52.5511
13216,10.97
13217,32.9785
13218,25.1329
13219,45.1614
13220,16.2105
13221,32.1134
13222,55.1693
13223,30.8902
13224,28.7748
13225,76.4345
13226,62.056
13227,77.8906
13228,29.7777
13229,47.0203
13230,84.4636
13231,82.2493
13232,39.7573
13233,63.8968
13234,28.7093
13235,22.2748
13236,55.4777
13237,29.9189
13238,37.7571
13239,80.3731
13240,36.7716
13241,80.3341
13242,54.7103
13243,54.3878
13244,30.4774
13245,45.4248
13246,95.4572
13247,38.227
13248,33.7714
13249,60.4604
13250,43.1252
13251,75.6759
13252,46.0825
13253,60.125
13254,73.9354
13255,50.927
13256,21.9554
13257,63.4985
13258,47.5601
13259,84.6467
13260,31.8862
13261,45.8847
13262,36.7603
13263,18.4472
13264,26.7092
13265,17.5359
13266,56.8738
13267,47.17
13268,61.5948
13269,36.5517
13270,62.1339
13271,67.8444
13272,84.4803
13273,35.0891
13274,85.9702
13275,59.9307
13276,44.0979
13277,87.4605
13278,66.8061
13279,18.116
13280,29.898
13281,89.7465
13282,33.5799
13283,68.8299
13284,14.3657
13285,37.4583
13286,32.67
13287,57.7084
13288,19.2287
13289,15.9706
13290,75.8776
13291,62.237
13292,55.8844
13293,88.6342
13294,62.9241
13295,52.5241
13296,86.8838
13297,45.0501
13298,90.1577
13299,18.1345
13300,74.1252
13301,48.0929
13302,19.8653
13303,20.9891
13304,86.8814
13305,36.0561
13306,54.9117
13307,51.8766
13308,58.808
13309,83.1752
13310,35.6281
13311,47.0093
13312,24.2446
13313,81.9724
13314,40.3378
13315,53.1732
13316,96.4579
13317,28.928
13318,64.5623
13319,67.6526
13320,73.2925
13321,83.0724
13322,49.8115
13323,59.3749
13324,29.7636
13325,88.4857
13326,40.3018
13327,49.3601
13328,58.334
13329,53.3046
13330,66.6946
13331,64.2903
13332,26.8905
13333,71.792
13334,66.9319
13335,37.789
13336,68.6418
13337,54.7335
13338,18.8947
13339,52.7262
13340,67.17
13341,89.9475
13342,24.427
13343,83.4503
13344,27.2524
13345,29.6769
13346,55.4164
13347,36.8017
13348,62.8536
13349,47.2893
13350,24.1997
13351,61.3494
13352,46.1018
13353,80.9912
13354,53.3451
13355,57.296
13356,29.3926
13357,65.7533
13358,35.5073
13359,51.434
13360,51.0076
13361,16.0961
13362,26.0479
13363,35.9658
13364,64.7295
13365,11.6721
13366,27.387
13367,76.607
13368,53.9142
13369,19.7938
13370,36.1978
13371,85.1119
13372,91.1285
13373,8.49493
13374,81.0596
13375,61.7431
13376,27.463
13377,47.9477
13378,84.0169
13379,67.8576
13380,21.7404
13381,55.4962
13382,39.5621
13383,47.438
13384,29.5498
13385,80.8884
13386,25.2092
13387,15.1273
13388,41.3207
13389,89.078
13390,30.6193
13391,41.6032
13392,40.8514
13393,53.5033
13394,57.9187
13395,31.6577
13396,61.7681
13397,38.93
13398,30.4055
13399,14.9824
13400,35.1423
13401,61.8169
13402,78.7804
13403,75.2456
13404,13.8246
13405,22.4551
13406,22.16
13407,76.3225
13408,34.8891
13409,27.4185
13410,57.2033
13411,49.281
13412,34.613
13413,36.4903
13414,25.4624
13415,67.9908
13416,25.4917
13417,42.4713
13418,8.21727
13419,30.1978
13420,24.6453
13421,85.3458
13422,50.5535
13423,36.5745
13424,46.9629
13425,28.3158
13426,27.8226
13427,68.6332
13428,48.3858
13429,25.8788
13430,53.4512
13431,28.6368
13432,49.0194
13433,37.9266
13434,37.7
13435,35.2081
13436,39.8495
13437,28.0834
13438,81.3741
13439,39.373
13440,36.1394
13441,16.7587
13442,82.219
13443,38.5362
13444,40.9858
13445,84.7419
13446,87.0565
13447,84.657
13448,61.3313
13449,33.0965
13450,7.27814
13451,16.5291
13452,62.3405
13453,55.8311
13454,13.4197
13455,78.5424
13456,65.2233
13457,76.1097
13458,65.3658
13459,32.7324
13460,67.5572
13461,70.0623
13462,83.8981
13463,81.8656
13464,55.8587
13465,59.8441
13466,45.2242
13467,53.7921
13468,35.6502
13469,34.1794
13470,27.6863
13471,90.4966
13472,43.9383
13473,7.40781
13474,22.4976
13475,71.4742
13476,34.0182
13477,14.8674
13478,14.4836
13479,56.384
13480,15.1834
13481,32.0696
13482,95.9305
13483,30.2814
13484,33.9364
13485,11.6059
13486,48.6931
13487,6.86748
13488,30.4076
13489,37.2297
13490,35.156
13491,21.8765
13492,76.8663
13493,81.7055
13494,28.2077
13495,51.092
13496,79.3473
13497,13.9212
13498,40.4962
13499,10.1714
13500,17.5664
13501,71.8765
13502,68.737
13503,53.0049
13504,44.6501
13505,22.5125
13506,29.7695
13507,52.0939
13508,57.6458
13509,84.7728
13510,69.5348
13511,28.677
13512,27.4724
13513,59.9122
13514,84.2563
13515,29.4031
13516,79.0626
13517,74.4201
13518,76.9347
13519,72.7231
13520,69.5462
13521,34.6597
13522,68.02
13523,35.8729
13524,50.0499
13525,24.9088
13526,22.0809
13527,77.7828
13528,49.4527
13529,32.115
13530,22.0195
13531,42.1924
13532,56.516
13533,39.7631
13534,53.5693
13535,51.2096
13536,26.7241
13537,45.8062
13538,25.8364
13539,60.3137
13540,60.8259
13541,48.6273
13542,65.4156
13543,74.1018
13544,22.2668
13545,53.957
13546,40.6206
13547,28.2491
13548,87.0531
13549,62.8787
13550,52.5764
13551,33.1493
13552,70.1978
13553,60.0038
13554,63.1779
13555,33.8913
13556,75.7976
13557,75.0227
13558,52.6472
13559,80.8255
13560,91.747
13561,59.3085
13562,30.5104
13563,61.5859
13564,51.3919
13565,34.4658
13566,70.2995
13567,30.7285
13568,48.3026
13569,89.3079
13570,28.24
13571,27.1025
13572,71.5466
13573,48.4046
13574,75.4738
13575,80.7908
13576,91.6639
13577,39.3338
13578,31.3019
13579,31.3817
13580,20.0842
13581,29.734
13582,63.7474
13583,84.7491
13584,18.2529
13585,78.1272
13586,10.4581
13587,48.3131
13588,42.2134
13589,43.615
13590,37.0847
13591,42.2228
13592,20.3347
13593,85.6299
13594,30.0171
13595,87.9108
13596,67.6232
13597,65.4023
13598,92.3242
13599,55.8692
13600,24.1474
13601,35.1626
13602,44.7092
13603,38.609
13604,33.1598
13605,32.8966
13606,46.4296
13607,60.9056
13608,36.9324
13609,36.9601
13610,78.0458
13611,24.8165
13612,81.7903
13613,52.1385
13614,33.8499
13615,10.5088
13616,76.3315
13617,30.735
13618,81.8352
13619,94.4827
13620,25.0815
13621,72.638
13622,45.215
13623,7.82744
13624,84.1563
13625,9.17839
13626,58.2143
13627,93.1957
13628,31.6603
13629,77.0949
13630,45.2784
13631,24.1311
13632,28.9387
13633,39.8948
13634,30.8294
13635,60.6186
13636,62.6842
13637,90.3166
13638,70.7571
13639,29.2467
13640,38.2578
13641,28.5247
13642,44.5073
13643,27.1823
13644,46.9876
13645,61.4721
13646,57.2844
13647,21.021
13648,29.6021
13649,59.8561
13650,86.3119
13651,49.9752
13652,48.4316
13653,52.5815
13654,73.9753
13655,74.5228
13656,38.2006
13657,77.0959
13658,80.1388
13659,66.0133
13660,63.0613
13661,38.5906
13662,47.3197
13663,38.5363
13664,69.3812
13665,60.2832
13666,67.6184
13667,36.8358
13668,87.4587
13669,60.6804
13670,20.7025
13671,57.2116
13672,35.3837
13673,31.7865
13674,30.4006
13675,46.1843
13676,30.162
13677,58.028
13678,41.2392
13679,89.6735
13680,48.3342
13681,54.9182
13682,12.9653
13683,24.8279
13684,93.2992
13685,85.0166
13686,63.5184
13687,89.3632
13688,24.2278
13689,86.925
13690,12.3894
13691,28.3066
13692,9.1331
13693,25.1735
13694,9.98075
13695,32.2279
13696,67.3493
13697,62.0097
13698,78.7943
13699,55.478
13700,56.1695
13701,10.4767
13702,29.7179
13703,16.48
13704,28.5342
13705,33.3542
13706,23.4079
13707,64.4153
13708,69.6068
13709,13.7568
13710,75.4811
13711,20.7234
13712,27.9963
13713,55.3751
13714,52.375
13715,44.4711
13716,44.5182
13717,50.1196
13718,68.546
13719,51.7275
13720,32.9364
13721,41.6047
13722,19.4447
13723,88.0576
13724,28.4529
13725,85.1459
13726,48.6429
13727,26.1158
13728,36.2521
13729,31.8395
13730,74.4502
13731,14.9936
13732,30.7601
13733,44.8063
13734,41.3381
13735,81.2677
13736,48.6187
13737,77.2739
13738,22.2294
13739,51.9491
13740,42.7323
13741,33.4517
13742,61.043
13743,52.7594
13744,75.0936
13745,82.7225
13746,20.5135
13747,18.7747
13748,43.4026
13749,65.2156
13750,84.3348
13751,51.0503
13752,38.0851
13753,93.2332
13754,36.1192
13755,39.5035
13756,85.5032
13757,55.1648
13758,54.7655
13759,21.384
13760,23.8203
13761,82.2069
13762,89.8215
13763,52.5355
13764,32.5818
13765,57.5705
13766,54.1399
13767,41.0827
13768,35.634
13769,8.77177
13770,32.0765
13771,87.081
13772,35.7926
13773,31.6056
13774,65.5238
13775,76.7996
13776,74.635
13777,37.6996
13778,38.9574
13779,49.5227
13780,65.874
13781,73.5363
13782,20.9618
13783,67.0711
13784,88.1429
13785,56.5075
13786,22.4738
13787,87.0223
13788,56.819
13789,59.2965
13790,80.774
13791,18.6939
13792,22.0852
13793,20.958
13794,63.1217
13795,30.0193
13796,17.9035
13797,86.0799
13798,92.3946
13799,64.8383
13800,30.2008
13801,37.5309
13802,89.7062
13803,51.1406
13804,43.0972
13805,64.8548
13806,30.1991
13807,11.7126
13808,72.5371
13809,12.4174
13810,16.4855
13811,76.5682
13812,86.8971
13813,35.3369
13814,84.5012
13815,82.9873
13816,60.6353
13817,17.8477
13818,93.423
13819,33.8591
13820,63.1243
13821,88.0176
13822,29.0239
13823,29.0827
13824,31.2023
13825,51.231
13826,73.6832
13827,53.5228
13828,44.5572
13829,30.9525
13830,28.9902
13831,52.655
13832,41.9671
13833,69.9938
13834,34.9147
13835,36.7439
13836,34.2767
13837,27.4208
13838,26.4776
13839,12.3224
13840,62.5211
13841,83.8064
13842,12.4627
13843,19.4654
13844,48.5812
13845,51.0528
13846,32.1834
13847,33.1567
13848,15.7196
13849,37.8957
13850,76.8711
13851,35.5561
13852,29.7274
13853,30.1308
13854,29.7382
13855,63.8909
13856,34.4949
13857,64.3504
13858,20.1417
13859,74.4973
13860,76.5845
13861,48.1314
13862,45.1851
13863,78.9052
13864,32.185
13865,10.5946
13866,24.3782
13867,29.5777
13868,41.2526
13869,82.8989
13870,39.8992
13871,33.6343
13872,48.5544
13873,33.865
13874,34.4955
13875,49.7704
13876,70.635
13877,79.835
13878,28.2217
13879,79.8564
13880,43.3282
13881,26.6444
13882,72.3728
13883,69.0459
13884,10.0929
13885,38.8932
13886,31.3509
13887,44.0621
13888,35.3524
13889,76.191
13890,45.5034
13891,30.2565
13892,27.8952
13893,31.5759
13894,13.0069
13895,40.1533
13896,63.8918
13897,19.1468
13898,29.588
13899,50.9571
13900,89.0292
13901,24.4907
13902,89.5498
13903,88.721
13904,53.7587
13905,39.0975
13906,29.6972
13907,44.7166
13908,33.6565
13909,33.6552
13910,65.5656
13911,67.22
13912,15.4115
13913,53.2471
13914,27.1813
13915,43.4588
13916,59.1297
13917,41.5666
13918,19.2626
13919,73.2908
13920,18.4507
13921,19.4529
13922,82.1824
13923,81.7544
13924,26.5546
13925,52.6293
13926,68.4817
13927,43.2209
13928,77.0012
13929,41.7952
13930,82.4057
13931,55.6142
13932,32.9814
13933,19.3795
13934,33.2124
13935,26.7427
13936,18.7841
13937,70.7599
13938,61.3182
13939,44.4315
13940,27.5823
13941,81.0477
13942,47.3166
13943,32.4093
13944,47.9509
13945,24.6896
13946,14.3355
13947,44.4834
13948,95.9627
13949,44.6813
13950,71.4017
13951,35.8871
13952,45.6423
13953,24.6701
13954,11.6587
13955,75.4148
13956,29.7857
13957,35.7534
13958,40.7859
13959,74.8102
13960,86.0826
13961,29.0344
13962,7.30772
13963,61.4131
13964,53.7204
13965,68.3975
13966,34.4643
13967,12.7764
13968,36.9949
13969,61.0355
13970,92.6953
13971,58.2226
13972,80.6763
13973,48.4631
13974,36.9666
13975,34.6121
13976,27.5351
13977,93.0001
13978,12.8957
13979,69.954
13980,28.5557
13981,47.486
13982,37.2508
13983,72.7471
13984,41.2037
13985,66.9212
13986,52.1029
13987,50.5004
13988,37.5083
13989,26.7108
13990,33.6224
13991,58.8408
13992,92.9221
13993,54.3968
13994,65.6605
13995,33.1814
13996,93.2026
13997,21.0838
13998,58.4317
13999,58.7391
14000,68.258
14001,42.878
14002,38.1611
14003,33.7388
14004,42.7823
14005,27.4637
14006,54.652
14007,30.9265
14008,47.0735
14009,38.7013
14010,50.2655
14011,50.0646
14012,58.2002
14013,71.438
14014,54.9899
14015,27.4979
14016,41.1977
14017,80.9428
14018,28.2843
14019,19.3415
14020,18.7626
14021,23.3451
14022,24.1342
14023,81.2175
14024,82.7885
14025,35.2047
14026,36.3954
14027,81.9586
14028,88.417
14029,18.2814
14030,43.3905
14031,22.8344
14032,82.485
14033,58.294
14034,51.03
14035,44.1849
14036,27.9168
14037,42.5815
14038,53.6825
14039,57.6976
14040,35.5269
14041,25.1131
14042,77.1757
14043,54.811
14044,39.763
14045,68.8624
14046,27.5036
14047,62.6937
14048,21.9797
14049,55.982
14050,51.0289
14051,36.0551
14052,34.0321
14053,72.7045
14054,72.628
14055,63.9195
14056,74.6433
14057,42.7067
14058,65.1305
14059,6.87593
14060,20.5514
14061,52.0094
14062,54.9173
14063,10.752
14064,48.0498
14065,36.1748
14066,17.0478
14067,48.2087
14068,54.9721
14069,35.0046
14070,53.6135
14071,51.0172
14072,56.2149
14073,82.2399
14074,32.5713
14075,43.5491
14076,28.687
14077,17.6217
14078,25.9786
14079,42.0295
14080,80.9379
14081,33.0036
14082,64.291
14083,94.034
14084,25.8561
14085,87.3217
14086,21.9439
14087,30.0769
14088,59.0827
14089,93.1861
14090,62.5382
14091,59.2303
14092,35.1365
14093,76.2535
14094,32.2574
14095,70.5884
14096,68.3165
14097,54.8115
14098,63.0215
14099,17.8947
14100,9.51487
14101,86.8931
14102,73.2488
14103,65.4264
14104,90.5249
14105,90.1409
14106,17.1783
14107,89.582
14108,60.3761
14109,33.6394
14110,77.9536
14111,26.856
14112,50.7105
14113,90.8075
14114,36.7091
14115,64.7861
14116,90.813
14117,29.2983
14118,69.3625
14119,75.0804
14120,65.3612
14121,10.9413
14122,45.439
14123,81.9899
14124,36.5012
14125,85.6028
14126,35.9067
14127,51.5682
14128,86.6131
14129,41.3266
14130,38.7793
14131,15.5435
14132,16.6664
14133,74.8193
14134,74.1254
14135,70.2653
14136,28.1166
14137,48.5671
14138,79.749
14139,83.7152
14140,25.5165
14141,44.9586
14142,14.5771
14143,30.4557
14144,46.1406
14145,37.3417
14146,57.0703
14147,48.5574
14148,24.9249
14149,61.9998
14150,74.8412
14151,69.4426
14152,44.4897
14153,81.0324
14154,15.9417
14155,19.5968
14156,39.9112
14157,30.2618
14158,85.9721
14159,66.9809
14160,30.7016
14161,57.4436
14162,82.0895
14163,9.05702
14164,14.9201
14165,88.2088
14166,63.8959
14167,83.6368
14168,81.7376
14169,33.782
14170,63.3169
14171,34.4214
14172,31.7373
14173,24.7616
14174,33.6238
14175,71.0792
14176,90.1732
14177,63.6899
14178,30.716
14179,17.7568
14180,84.1799
14181,79.2838
14182,42.5756
14183,61.725
14184,53.9859
14185,60.0895
14186,29.5012
14187,39.2611
14188,70.3807
14189,60.3307
14190,33.2323
14191,52.9824
14192,17.041
14193,14.9773
14194,33.5101
14195,60.0262
14196,91.172
14197,66.6258
14198,38.5092
14199,35.2244
14200,19.5402
14201,88.0016
14202,54.4478
14203,83.6497
14204,28.6227
14205,31.9942
14206,25.1438
14207,25.7998
14208,82.7762
14209,82.419
14210,65.7387
14211,38.2125
14212,78.6388
14213,45.3405
14214,22.0535
14215,10.873
14216,41.1073
14217,25.9085
14218,49.1924
14219,49.5671
14220,44.8881
14221,53.4346
14222,77.6561
14223,31.6355
14224,27.7598
14225,30.9323
14226,35.8708
14227,29.1465
14228,85.5968
14229,43.9048
14230,13.7705
14231,45.2357
14232,43.4874
14233,82.4558
14234,62.6688
14235,14.1519
14236,70.6363
14237,83.0375
14238,10.1518
14239,46.6676
14240,68.0276
14241,67.185
14242,36.6931
14243,37.6486
14244,90.752
14245,31.4402
14246,89.0812
14247,54.5
14248,45.5238
14249,29.8873
14250,15.826
14251,59.3977
14252,89.2838
14253,67.6037
14254,40.0572
14255,65.9361
14256,11.2624
14257,69.3348
14258,21.3174
14259,28.9952
14260,89.1661
14261,42.1264
14262,34.006
14263,49.6168
14264,59.1952
14265,53.6923
14266,87.4567
14267,36.8501
14268,14.3468
14269,28.6086
14270,62.6483
14271,53.2653
14272,13.0116
14273,44.0102
14274,75.8385
14275,42.93
14276,6.85389
14277,81.3571
14278,51.0607
14279,50.9123
14280,89.2019
14281,58.677
14282,35.0746
14283,20.0957
14284,54.4763
14285,39.7255
14286,52.0365
14287,12.0118
14288,42.4434
14289,57.6112
14290,75.9728
14291,35.2865
14292,29.6899
14293,8.84929
14294,76.0024
14295,76.7347
14296,16.4703
14297,29.1867
14298,49.8968
14299,48.4664
14300,78.63
14301,27.9404
14302,34.4754
14303,64.2972
14304,29.2678
14305,50.1551
14306,84.8627
14307,23.4468
14308,62.6713
14309,90.5733
14310,37.755
14311,23.6545
14312,64.0267
14313,68.5769
14314,18.1278
14315,35.8678
14316,50.0107
14317,27.7056
14318,23.4153
14319,52.598
14320,42.7965
14321,56.0491
14322,50.7603
14323,25.221
14324,74.0994
14325,52.3902
14326,52.0454
14327,22.9875
14328,39.0526
14329,43.1863
14330,8.77653
14331,41.741
14332,56.4601
14333,48.4367
14334,24.9019
14335,42.6873
14336,59.4589
14337,45.9754
14338,84.4332
14339,28.0261
14340,67.9473
14341,83.6989
14342,51.8572
14343,59.5513
14344,39.1138
14345,92.3026
14346,16.2466
14347,8.03825
14348,37.1874
14349,75.2033
14350,42.8843
14351,28.6922
14352,33.9612
14353,34.4556
14354,73.2398
14355,22.4851
14356,29.3658
14357,55.7822
14358,30.2287
14359,24.4647
14360,29.4698
14361,75.4408
14362,26.3354
14363,66.9266
14364,41.4304
14365,62.5702
14366,53.4164
14367,92.5286
14368,27.9492
14369,14.9824
14370,50.5363
14371,66.4914
14372,34.825
14373,88.2206
14374,35.3675
14375,57.4389
14376,41.9867
14377,10.4687
14378,20.7697
14379,27.3246
14380,52.1881
14381,84.3828
14382,25.4947
14383,75.5649
14384,76.0119
14385,23.9714
14386,26.9874
14387,50.1675
14388,56.2738
14389,39.5176
14390,45.4595
14391,84.6511
14392,35.0023
14393,56.7415
14394,17.9747
14395,8.78457
14396,48.9912
14397,51.7606
14398,56.88
14399,32.9394
14400,79.8183
14401,12.2679
14402,64.8364
14403,87.7967
14404,35.682
14405,51.4309
14406,42.2044
14407,27.4896
14408,55.1762
14409,25.7429
14410,58.9885
14411,37.3727
14412,87.32
14413,81.6247
14414,36.9409
14415,81.2735
14416,70.8053
14417,25.8732
14418,77.9921
14419,36.246
14420,74.0357
14421,39.5318
14422,33.4395
14423,26.3955
14424,37.5043
14425,30.7156
14426,44.3317
14427,39.5455
14428,34.4323
14429,48.7527
14430,48.9263
14431,12.3598
14432,17.1912
14433,30.7264
14434,31.7986
14435,30.4077
14436,93.6666
14437,41.7624
14438,77.4957
14439,31.1914
14440,54.7662
14441,23.737
14442,17.4613
14443,89.3059
14444,40.362
14445,65.7551
14446,11.5486
14447,72.7833
14448,37.9505
14449,29.5808
14450,44.8209
14451,17.7376
14452,44.7112
14453,44.1811
14454,50.7545
14455,32.5963
14456,36.411
14457,40.5411
14458,17.8786
14459,86.9733
14460,73.8719
14461,31.7559
14462,71.1363
14463,18.0836
14464,20.8256
14465,6.75508
14466,23.4077
14467,64.243
14468,83.0048
14469,35.5617
14470,77.0641
14471,13.8478
14472,66.7119
14473,44.9218
14474,33.3988
14475,42.7312
14476,12.0462
14477,21.6091
14478,31.949
14479,68.3098
14480,69.0535
14481,90.6169
14482,87.729
14483,11.729
14484,33.5717
14485,31.0836
14486,67.5801
14487,91.3822
14488,72.6417
14489,33.5955
14490,57.9842
14491,11.4444
14492,11.4098
14493,57.2885
14494,31.585
14495,42.8126
14496,92.3586
14497,37.8284
14498,75.0176
14499,38.2192
14500,24.4452
14501,84.5259
14502,14.6345
14503,78.1745
14504,50.9456
14505,9.28089
14506,44.183
14507,16.5498
14508,57.5484
14509,34.8332
14510,35.5666
14511,20.3859
14512,30.2298
14513,40.238
14514,60.2485
14515,59.0302
14516,76.9204
14517,50.926
14518,85.6185
14519,27.6234
14520,59.6143
14521,78.6468
14522,34.8048
14523,29.1579
14524,50.6952
14525,11.7435
14526,23.7239
14527,36.9753
14528,32.3142
14529,39.2892
14530,53.4725
14531,42.4156
14532,40.9285
14533,59.5403
14534,16.267
14535,85.7758
14536,34.6185
14537,84.7164
14538,11.6943
14539,50.8249
14540,85.8385
14541,9.66856
14542,24.3216
14543,44.5243
14544,51.0385
14545,38.5508
14546,37.9677
14547,36.5756
14548,28.8431
14549,56.0181
14550,61.6837
14551,54.6774
14552,36.0425
14553,32.5011
14554,92.378
14555,30.0255
14556,21.928
14557,50.6169
14558,32.7194
14559,24.3516
14560,67.3417
14561,47.4189
14562,66.6124
14563,71.1772
14564,36.6657
14565,13.3849
14566,30.5451
14567,31.2247
14568,41.3261
14569,69.4517
14570,28.8504
14571,42.8919
14572,80.044
14573,27.855
14574,70.5352
14575,8.47398
14576,41.3225
14577,54.2585
14578,37.155
14579,35.1924
14580,37.3408
14581,34.1789
14582,59.8623
14583,26.4919
14584,52.4832
14585,44.9402
14586,33.8352
14587,24.6851
14588,69.0705
14589,31.8518
14590,28.1391
14591,55.4331
14592,46.3648
14593,68.432
14594,31.4797
14595,75.4899
14596,85.07
14597,27.9025
14598,88.1474
14599,69.0656
14600,50.058
14601,85.3535
14602,50.0186
14603,70.8286
14604,84.8484
14605,47.1985
14606,36.5958
14607,63.9168
14608,32.8651
14609,86.9957
14610,29.8985
14611,15.6575
14612,66.3965
14613,81.4748
14614,60.4263
14615,31.4579
14616,28.9541
14617,20.9961
14618,73.4636
14619,36.8383
14620,76.2437
14621,81.5553
14622,45.935
14623,11.7307
14624,55.4194
14625,80.2721
14626,15.8617
14627,57.5547
14628,44.5224
14629,48.8621
14630,86.1262
14631,55.809
14632,58.0823
14633,24.6985
14634,24.913
14635,27.5012
14636,56.5114
14637,84.728
14638,81.9174
14639,20.692
14640,82.8564
14641,29.897
14642,29.9172
14643,25.5175
14644,86.3283
14645,72.5445
14646,22.374
14647,13.1924
14648,27.652
14649,59.0202
14650,70.2605
14651,96.4391
14652,62.5561
14653,60.9263
14654,47.3933
14655,57.3678
14656,66.2459
14657,37.8734
14658,18.6068
14659,34.7572
14660,35.9872
14661,29.4914
14662,33.5176
14663,82.6142
14664,21.2396
14665,50.0977
14666,41.9588
14667,18.6319
14668,33.2548
14669,33.9795
14670,27.7563
14671,34.4278
14672,41.2649
14673,31.8194
14674,29.8046
14675,27.1429
14676,14.41
14677,51.2105
14678,38.2457
14679,59.5426
14680,65.7823
14681,39.0117
14682,29.1984
14683,81.8781
14684,60.3671
14685,35.2615
14686,29.5412
14687,53.5111
14688,61.5815
14689,38.5489
14690,62.614
14691,16.7874
14692,93.2385
14693,61.1692
14694,27.6398
14695,32.2352
14696,54.564
14697,58.5285
14698,17.017
14699,62.3866
14700,22.5333
14701,56.6168
14702,51.9556
14703,80.9875
14704,51.907
14705,40.3644
14706,32.7076
14707,49.5134
14708,56.0975
14709,19.2325
14710,90.3982
14711,38.4077
14712,45.6494
14713,14.3624
14714,70.2668
14715,83.7073
14716,80.6397
14717,65.5172
14718,37.3034
14719,27.0912
14720,80.9917
14721,94.6016
14722,30.7957
14723,22.476
14724,42.2542
14725,60.5766
14726,50.1247
14727,31.6234
14728,29.3892
14729,88.2564
14730,89.093
14731,16.0931
14732,72.2645
14733,32.5561
14734,79.7641
14735,78.844
14736,84.7149
14737,81.7419
14738,78.2307
14739,36.1716
14740,63.8474
14741,36.3028
14742,82.0561
14743,32.4238
14744,64.8651
14745,43.0144
14746,40.7785
14747,37.6052
14748,22.6497
14749,56.5626
14750,50.384
14751,27.3886
14752,49.0316
14753,60.9322
14754,12.146
14755,51.6996
14756,64.85
14757,64.484
14758,65.1159
14759,86.324
14760,34.9377
14761,20.7395
14762,29.7255
14763,8.00953
14764,72.2798
14765,27.6948
14766,32.0755
14767,44.7673
14768,62.208
14769,33.0357
14770,59.0385
14771,48.8682
14772,70.6736
14773,36.3411
14774,44.3251
14775,88.4201
14776,66.7519
14777,63.9844
14778,64.9643
14779,82.4218
14780,62.7418
14781,36.0211
14782,19.5969
14783,70.4901
14784,47.0114
14785,73.6205
14786,71.3761
14787,41.6212
14788,54.8836
14789,94.8467
14790,51.9267
14791,42.8097
14792,13.0024
14793,51.6064
14794,28.4886
14795,65.8887
14796,49.4878
14797,63.4507
14798,18.7327
14799,43.7909
14800,36.6205
14801,73.4638
14802,13.1473
14803,31.3686
14804,78.6095
14805,44.7721
14806,26.4872
14807,40.0613
14808,59.3232
14809,67.3479
14810,35.2739
14811,38.5374
14812,52.8565
14813,13.9338
14814,26.5618
14815,40.0429
14816,47.2789
14817,50.9154
14818,18.4981
14819,79.5309
14820,50.2276
14821,10.5943
14822,11.6527
14823,12.3807
14824,71.3939
14825,55.8722
14826,53.1488
14827,80.9336
14828,33.104
14829,49.9347
14830,49.0885
14831,34.528
14832,65.3456
14833,42.5374
14834,78.101
14835,10.0592
14836,71.9335
14837,47.702
14838,30.8704
14839,24.9708
14840,10.9186
14841,77.8643
14842,16.448
14843,24.7716
14844,67.4982
14845,24.0132
14846,76.5456
14847,17.024
14848,61.6906
14849,26.9475
14850,17.3615
14851,30.1077
14852,76.5841
14853,78.0165
14854,12.1906
14855,46.619
14856,25.188
14857,55.5164
14858,24.1113
14859,21.1557
14860,29.1309
14861,24.2378
14862,45.0948
14863,18.3036
14864,16.2784
14865,61.2436
14866,37.7279
14867,76.3966
14868,30.3794
14869,44.1067
14870,28.9381
14871,38.1067
14872,14.5459
14873,36.057
14874,28.0863
14875,53.0684
14876,82.7846
14877,45.2139
14878,20.5493
14879,92.4862
14880,49.6141
14881,11.3586
14882,82.1225
14883,49.8241
14884,63.1294
14885,25.2216
14886,85.4563
14887,37.8716
14888,38.0884
14889,35.5941
14890,48.8307
14891,17.8664
14892,86.3187
14893,32.2915
14894,21.8541
14895,37.661
14896,67.4125
14897,42.854
14898,48.8852
14899,26.5939
14900,89.3121
14901,31.4607
14902,14.0867
14903,70.6602
14904,27.6902
14905,35.4442
14906,39.4965
14907,65.1708
14908,8.78676
14909,91.8577
14910,73.7962
14911,71.011
14912,36.8336
14913,19.9039
14914,93.1905
14915,31.8955
14916,86.4617
14917,55.1023
14918,52.7674
14919,80.1143
14920,74.8966
14921,58.1052
14922,14.0455
14923,68.2012
14924,36.2884
14925,13.3712
14926,10.5787
14927,34.875
14928,68.3395
14929,9.92706
14930,90.8599
14931,31.6593
14932,45.8946
14933,34.9839
14934,31.83
14935,17.1119
14936,81.0901
14937,30.32
14938,71.2708
14939,10.5108
14940,78.1111
14941,53.2802
14942,62.7577
14943,85.7268
14944,32.7994
14945,8.83459
14946,84.8322
14947,51.7256
14948,51.1767
14949,20.224
14950,30.7738
14951,45.212
14952,51.9982
14953,70.9494
14954,54.8283
14955,77.8081
14956,20.1121
14957,9.86379
14958,65.0004
14959,38.9985
14960,93.3554
14961,71.4747
14962,76.5417
14963,42.3689
14964,58.5
14965,32.7106
14966,27.0333
14967,32.2927
14968,9.01374
14969,48.6883
14970,49.6516
14971,73.0319
14972,43.281
14973,66.2662
14974,26.7454
14975,63.7309
14976,84.2375
14977,85.9855
14978,55.1476
14979,83.265
14980,47.9898
14981,19.5061
14982,12.6789
14983,20.8402
14984,6.54448
14985,7.96553
14986,92.3988
14987,80.2824
14988,33.9225
14989,79.214
14990,48.3838
14991,87.4952
14992,60.9978
14993,58.6664
14994,12.8169
14995,41.9321
14996,66.1015
14997,28.3892
14998,40.2225
14999,85.6775
15000,41.647
15001,23.8282
15002,47.9478
15003,60.3565
15004,51.7599
15005,7.08369
15006,15.0189
15007,32.6585
15008,63.0125
15009,74.3585
15010,86.6904
15011,62.2807
15012,83.7473
15013,14.0765
15014,51.69
15015,45.7626
15016,87.3531
15017,81.7645
15018,53.5077
15019,32.0778
15020,38.711
15021,21.5992
15022,37.439
15023,26.4522
15024,84.4758
15025,68.0375
15026,84.1987
15027,24.4654
15028,25.8821
15029,35.3415
15030,74.9072
15031,29.449
15032,35.2312
15033,22.1341
15034,14.6272
15035,24.469
15036,66.0359
15037,19.3908
15038,23.8078
15039,44.1245
15040,64.242
15041,54.027
15042,17.0466
15043,62.3169
15044,92.0723
15045,50.0169
15046,34.8394
15047,27.5899
15048,70.7481
15049,74.0293
15050,61.668
15051,73.2914
15052,20.9398
15053,77.8241
15054,35.1297
15055,40.3977
15056,69.0261
15057,53.878
15058,53.1413
15059,21.4604
15060,31.4591
15061,86.0362
15062,27.136
15063,13.6148
15064,40.5599
15065,53.5688
15066,50.9351
15067,13.9038
15068,38.1422
15069,33.4265
15070,48.1108
15071,29.9573
15072,47.3577
15073,31.0247
15074,34.4688
15075,37.2674
15076,30.106
15077,45.0048
15078,60.7151
15079,61.6824
15080,45.0266
15081,79.3296
15082,43.104
15083,27.6769
15084,55.9096
15085,43.6276
15086,32.8389
15087,89.7063
15088,24.5714
15089,19.6563
15090,47.3933
15091,47.0986
15092,41.2361
15093,30.33
15094,31.8661
15095,79.15
15096,69.4407
15097,28.8855
15098,50.7383
15099,17.7784
15100,16.5779
15101,37.5332
15102,30.1459
15103,39.8572
15104,57.7305
15105,41.2445
15106,40.2457
15107,27.7038
15108,32.359
15109,28.8551
15110,32.7982
15111,20.2467
15112,50.2814
15113,15.4992
15114,28.9213
15115,43.7081
15116,51.8008
15117,51.3923
15118,48.6776
15119,38.2419
15120,23.9293
15121,81.3113
15122,18.5889
15123,18.3585
15124,35.4015
15125,34.1235
15126,9.10257
15127,78.4266
15128,85.0485
15129,72.6366
15130,49.8721
15131,28.2489
15132,35.9719
15133,58.7366
15134,49.4075
15135,51.1194
15136,78.7325
15137,11.3837
15138,35.38
15139,21.0808
15140,74.7363
15141,30.315
15142,57.1659
15143,52.1538
15144,66.8281
15145,44.2134
15146,55.7765
15147,20.2402
15148,58.6643
15149,75.6091
15150,79.8251
15151,30.7995
15152,67.6531
15153,91.1252
15154,27.3747
15155,9.15067
15156,31.1863
15157,49.9974
15158,49.8763
15159,54.4257
15160,75.9056
15161,63.0701
15162,66.6399
15163,32.6985
15164,31.0266
15165,31.2139
15166,24.0886
15167,81.1997
15168,37.3594
15169,55.7084
15170,35.8705
15171,68.9926
15172,63.6098
15173,50.1079
15174,29.0676
15175,65.5108
15176,84.3213
15177,75.5511
15178,44.6563
15179,37.9603
15180,20.6915
15181,82.5061
15182,57.4642
15183,69.8316
15184,10.4152
15185,70.1099
15186,50.9667
15187,63.0662
15188,84.7362
15189,25.2823
15190,28.6013
15191,40.2281
15192,41.3031
15193,8.79875
15194,47.2814
15195,44.0865
15196,21.987
15197,51.8245
15198,78.8388
15199,56.1575
15200,83.5325
15201,29.8259
15202,93.17
15203,28.6066
15204,34.4367
15205,48.6457
15206,32.0504
15207,31.0555
15208,30.7397
15209,15.0774
15210,60.809
15211,79.6512
15212,46.5909
15213,40.5533
15214,41.8344
15215,45.7253
15216,51.0454
15217,67.4015
15218,14.0987
15219,31.4714
15220,94.7543
15221,66.9333
15222,66.9271
15223,84.1372
15224,26.9743
15225,30.977
15226,62.8705
15227,37.3763
15228,29.8277
15229,65.076
15230,16.9175
15231,26.853
15232,72.2588
15233,23.1832
15234,43.0773
15235,10.411
15236,77.1013
15237,65.0874
15238,31.4142
15239,46.8119
15240,36.8289
15241,56.3031
15242,28.1712
15243,15.5694
15244,35.2443
15245,50.2192
15246,45.0697
15247,35.1308
15248,64.6567
15249,34.126
15250,70.5025
15251,71.0615
15252,74.6402
15253,20.8187
15254,27.3031
15255,33.8977
15256,16.4118
15257,20.5115
15258,41.356
15259,66.3441
15260,84.2015
15261,90.2317
15262,70.9883
15263,36.9334
15264,34.8181
15265,56.7754
15266,10.5023
15267,37.181
15268,16.3662
15269,70.197
15270,28.5104
15271,47.2605
15272,65.8586
15273,40.7811
15274,51.1775
15275,13.0125
15276,51.1357
15277,63.8134
15278,76.0498
15279,47.3908
15280,27.2297
15281,30.4629
15282,71.4268
15283,19.8851
15284,38.1167
15285,52.0528
15286,11.6519
15287,11.0441
15288,53.2225
15289,67.0417
15290,59.6776
15291,75.4069
15292,35.1759
15293,7.73001
15294,74.0381
15295,49.199
15296,11.3019
15297,64.5316
15298,36.0682
15299,32.0744
15300,27.7093
15301,60.9993
15302,81.3301
15303,30.7138
15304,68.1071
15305,18.2366
15306,50.9137
15307,32.3257
15308,14.7741
15309,93.1472
15310,60.4392
15311,31.6065
15312,28.2384
15313,52.9368
15314,73.5341
15315,88.2413
15316,68.9227
15317,50.6198
15318,32.5396
15319,35.0805
15320,24.9482
15321,72.4629
15322,80.1297
15323,26.6946
15324,9.38915
15325,90.0409
15326,37.1866
15327,17.7072
15328,36.7265
15329,40.1345
15330,32.8841
15331,42.1503
15332,87.6589
15333,82.3411
15334,64.9232
15335,31.6
15336,64.3376
15337,34.1966
15338,35.2546
15339,26.3347
15340,10.5071
15341,69.0119
15342,55.4459
15343,28.0495
15344,65.0722
15345,94.7732
15346,52.5172
15347,81.1684
15348,48.6482
15349,59.0734
15350,13.0822
15351,37.8871
15352,34.1377
15353,37.8383
15354,80.6168
15355,49.9424
15356,11.0581
15357,58.2633
15358,61.3996
15359,71.3247
15360,61.7197
15361,19.6716
15362,9.52675
15363,37.6675
15364,68.2291
15365,64.2266
15366,73.6357
15367,58.5711
15368,36.4751
15369,58.9295
15370,75.3181
15371,7.46338
15372,11.6357
15373,55.9313
15374,8.16429
15375,10.0919
15376,10.6096
15377,39.9272
15378,39.918
15379,49.7887
15380,26.1599
15381,54.8482
15382,78.3456
15383,52.9177
15384,29.2999
15385,25.8424
15386,63.8765
15387,29.2405
15388,68.9259
15389,89.8634
15390,52.9543
15391,11.5061
15392,60.8043
15393,14.5452
15394,29.5186
15395,76.9984
15396,37.6885
15397,52.8775
15398,53.3083
15399,67.9208
15400,84.5911
15401,57.5722
15402,67.778
15403,28.5297
15404,89.6366
15405,71.8229
15406,74.9577
15407,55.0326
15408,42.1174
15409,63.4978
15410,32.1727
15411,10.4039
15412,15.2854
15413,41.1427
15414,52.7512
15415,32.7377
15416,51.4869
15417,64.9931
15418,19.5659
15419,24.4745
15420,64.4822
15421,71.9868
15422,66.7463
15423,12.5087
15424,57.95
15425,35.2581
15426,66.9035
15427,42.4013
15428,45.5579
15429,24.8293
15430,38.8102
15431,24.94
15432,27.8299
15433,48.5597
15434,37.6917
15435,78.2
15436,30.013
15437,30.0241
15438,40.4605
15439,46.0233
15440,28.8038
15441,11.4373
15442,66.9453
15443,60.2894
15444,36.2308
15445,39.4211
15446,71.0073
15447,12.7641
15448,31.9804
15449,84.2105
15450,28.39
15451,54.0097
15452,72.541
15453,21.1461
15454,18.2192
15455,18.8412
15456,34.6823
15457,53.9177
15458,27.8605
15459,27.8414
15460,40.8395
15461,19.496
15462,20.1788
15463,37.9141
15464,36.2492
15465,87.4299
15466,30.6378
15467,45.0637
15468,69.5328
15469,36.2421
15470,66.9171
15471,37.5791
15472,54.1306
15473,81.302
15474,80.3479
15475,68.8455
15476,78.4575
15477,58.0585
15478,66.0693
15479,34.3259
15480,72.1886
15481,34.106
15482,26.3443
15483,54.6297
15484,21.3139
15485,86.7598
15486,33.1281
15487,21.9181
15488,25.883
15489,32.3686
15490,48.2249
15491,31.6164
15492,35.6265
15493,91.2447
15494,27.4324
15495,79.9018
15496,30.7019
15497,67.1894
15498,51.0342
15499,47.2046
15500,88.624
15501,15.0507
15502,37.1851
15503,47.4226
15504,33.7341
15505,34.9265
15506,64.0455
15507,40.9523
15508,35.459
15509,37.2426
15510,14.1423
15511,33.673
15512,29.4213
15513,72.7329
15514,35.6165
15515,67.3711
15516,9.96029
15517,82.6329
15518,90.6087
15519,33.7844
15520,58.6266
15521,50.8324
15522,40.5774
15523,55.3505
15524,44.8466
15525,13.2173
15526,17.1884
15527,71.3895
15528,41.6654
15529,30.934
15530,33.9752
15531,12.5283
15532,43.5378
15533,61.3339
15534,27.6735
15535,32.0624
15536,92.7416
15537,28.7196
15538,32.936
15539,44.041
15540,55.0898
15541,84.7481
15542,64.2405
15543,10.3291
15544,35.9555
15545,40.4566
15546,31.1717
15547,31.6455
15548,70.6329
15549,24.3442
15550,49.3478
15551,29.6876
15552,42.1021
15553,70.6093
15554,32.4302
15555,29.9362
15556,77.4488
15557,26.3985
15558,52.5814
15559,86.1184
15560,29.3371
15561,56.0968
15562,49.0907
15563,21.3983
15564,59.1651
15565,14.1438
15566,13.621
15567,37.4539
15568,54.2448
15569,26.5754
15570,27.7152
15571,17.4621
15572,68.0287
15573,54.8353
15574,15.5205
15575,72.0339
15576,34.6688
15577,76.5493
15578,61.2797
15579,31.5473
15580,59.4774
15581,55.5843
15582,29.948
15583,56.9693
15584,11.5243
15585,59.3426
15586,51.9779
15587,31.2309
15588,43.9885
15589,44.6069
15590,27.5115
15591,68.7286
15592,53.6368
15593,51.2944
15594,71.8419
15595,29.7066
15596,58.3524
15597,33.2953
15598,45.8641
15599,21.9573
15600,28.5897
15601,46.6257
15602,63.4976
15603,42.753
15604,65.1764
15605,45.3451
15606,27.3151
15607,82.963
15608,81.4377
15609,8.06854
15610,38.6507
15611,31.1398
15612,44.6077
15613,44.3495
15614,40.1898
15615,11.2744
15616,72.0163
15617,27.3952
15618,50.3801
15619,64.3888
15620,87.0746
15621,40.7102
15622,8.44044
15623,16.4658
15624,45.8568
15625,30.4168
15626,37.2335
15627,52.8546
15628,30.3144
15629,10.627
15630,41.0904
15631,47.7772
15632,28.2821
15633,70.4992
15634,76.613
15635,12.886
15636,14.2132
15637,21.8915
15638,87.1574
15639,48.4643
15640,48.1529
15641,59.6545
15642,27.4425
15643,59.9291
15644,27.4383
15645,57.3741
15646,35.3966
15647,33.1505
15648,28.0058
15649,46.4896
15650,44.6435
15651,79.0945
15652,61.5636
15653,32.6763
15654,89.3351
15655,35.208
15656,42.3226
15657,28.8067
15658,37.3501
15659,42.3265
15660,85.6971
15661,22.5148
15662,87.5199
15663,38.7422
15664,23.7552
15665,24.4276
15666,48.3506
15667,68.4101
15668,33.635
15669,83.5927
15670,16.4253
15671,27.1392
15672,33.7733
15673,35.7466
15674,87.8794
15675,34.1791
15676,54.8471
15677,50.1181
15678,10.9967
15679,13.4771
15680,30.3454
15681,9.88284
15682,84.6981
15683,62.3724
15684,51.1336
15685,24.941
15686,17.3041
15687,24.5542
15688,63.2763
15689,64.5056
15690,46.0906
15691,28.7471
15692,77.801
15693,16.8037
15694,73.5232
15695,28.4115
15696,63.5418
15697,34.372
15698,36.4922
15699,39.5021
15700,10.5899
15701,71.5434
15702,21.3321
15703,96.0977
15704,48.9597
15705,31.7246
15706,43.8035
15707,46.7788
15708,59.4295
15709,52.7555
15710,77.6524
15711,80.0284
15712,15.0142
15713,84.0342
15714,13.5062
15715,19.5683
15716,33.8908
15717,62.6482
15718,67.1763
15719,52.8025
15720,87.1408
15721,61.0722
15722,24.0082
15723,26.9452
15724,16.5017
15725,38.0872
15726,49.124
15727,54.3664
15728,57.4587
15729,33.9759
15730,15.9413
15731,8.32158
15732,64.8189
15733,68.0911
15734,93.2182
15735,85.824
15736,28.6444
15737,24.5761
15738,36.7278
15739,78.3543
15740,34.9248
15741,46.6471
15742,83.8041
15743,51.9761
15744,76.0729
15745,56.8299
15746,67.5643
15747,36.5097
15748,47.0653
15749,71.2232
15750,55.0726
15751,27.2093
15752,30.4921
15753,56.3509
15754,13.9646
15755,48.8422
15756,28.758
15757,34.9128
15758,37.7909
15759,33.3484
15760,69.3996
15761,39.8106
15762,63.7673
15763,31.8243
15764,11.0322
15765,31.931
15766,70.2002
15767,35.2938
15768,39.8244
15769,75.4132
15770,84.119
15771,36.721
15772,29.3559
15773,49.4781
15774,33.7749
15775,30.2904
15776,93.2012
15777,40.4018
15778,29.4782
15779,72.5334
15780,34.6789
15781,37.2593
15782,67.1642
15783,28.0683
15784,38.9367
15785,49.6966
15786,19.2624
15787,39.4442
15788,85.8477
15789,17.769
15790,38.5058
15791,14.6683
15792,50.2973
15793,50.8295
15794,28.8427
15795,12.4235
15796,52.7203
15797,61.0344
15798,49.9058
15799,61.2836
15800,13.428
15801,88.7568
15802,54.4975
15803,7.45066
15804,88.0927
15805,33.3697
15806,51.1108
15807,71.3498
15808,84.8916
15809,78.6811
15810,50.7669
15811,42.2051
15812,9.14197
15813,58.4114
15814,62.5472
15815,25.9071
15816,84.7933
15817,58.8703
15818,35.6361
15819,34.4863
15820,34.4797
15821,49.4512
15822,83.1683
15823,35.3269
15824,59.984
15825,34.1943
15826,57.5371
15827,48.4739
15828,26.1061
15829,38.1564
15830,13.8696
15831,31.4965
15832,74.2816
15833,78.8116
15834,76.6334
15835,56.5995
15836,13.7073
15837,48.8173
15838,30.0151
15839,11.9235
15840,30.5164
15841,37.0104
15842,84.2524
15843,9.89417
15844,10.4078
15845,78.2494
15846,39.5904
15847,39.5474
15848,15.5101
15849,39.7017
15850,44.2943
15851,49.9085
15852,6.6088
15853,55.6513
15854,39.1204
15855,60.5196
15856,58.7467
15857,69.2818
15858,42.8347
15859,27.2154
15860,50.7058
15861,39.8876
15862,28.0746
15863,47.3299
15864,77.1851
15865,10.5995
15866,64.5249
15867,30.5196
15868,55.4348
15869,24.5432
15870,29.9978
15871,64.5926
15872,46.9954
15873,39.2036
15874,52.233
15875,39.7756
15876,74.16
15877,37.5805
15878,43.549
15879,43.189
15880,66.1007
15881,34.7087
15882,30.4756
15883,59.5229
15884,56.7238
15885,26.3343
15886,18.5518
15887,71.0472
15888,30.1447
15889,46.914
15890,45.3469
15891,61.6611
15892,76.2457
15893,34.9659
15894,84.927
15895,32.9397
15896,89.7397
15897,34.6561
15898,80.7177
15899,59.3885
15900,35.7217
15901,89.234
15902,43.8851
15903,12.6385
15904,35.8076
15905,22.2122
15906,84.5098
15907,75.4766
15908,85.534
15909,81.6105
15910,59.9464
15911,62.0651
15912,29.9364
15913,85.9752
15914,38.7743
15915,35.7073
15916,75.5796
15917,29.4438
15918,30.013
15919,36.2887
15920,27.3749
15921,67.56
15922,39.8342
15923,56.7815
15924,57.4899
15925,36.4994
15926,35.1535
15927,66.9367
15928,23.6369
15929,7.19255
15930,29.1981
15931,48.9502
15932,50.2749
15933,53.9558
15934,30.9329
15935,67.9418
15936,34.1124
15937,79.0219
15938,26.1102
15939,81.3009
15940,36.1432
15941,77.1045
15942,45.2899
15943,77.5666
15944,35.4492
15945,54.6078
15946,72.8661
15947,35.6706
15948,36.9033
15949,39.0354
15950,8.20974
15951,22.5724
15952,36.2596
15953,43.9913
15954,85.453
15955,84.0615
15956,45.0468
15957,65.8209
15958,13.1049
15959,16.7711
15960,34.2499
15961,57.2712
15962,32.254
15963,22.3183
15964,71.7053
15965,78.05
15966,36.9117
15967,24.4395
15968,19.9427
15969,87.1765
15970,22.1892
15971,26.5161
15972,64.3604
15973,83.9873
15974,65.8619
15975,43.9698
15976,48.3693
15977,25.5728
15978,39.8006
15979,20.9262
15980,15.7467
15981,28.2113
15982,33.8425
15983,29.6263
15984,55.5258
15985,42.0154
15986,58.0112
15987,16.3591
15988,49.4452
15989,48.3429
15990,46.5588
15991,33.3514
15992,80.6421
15993,71.9233
15994,12.1674
15995,75.2048
15996,38.1518
15997,30.908
15998,83.1033
15999,53.699
16000,28.4337
16001,10.0994
16002,48.4607
16003,32.4843
16004,43.703
16005,35.673
16006,41.6377
16007,65.8573
16008,85.0739
16009,47.0899
16010,49.7113
16011,29.0422
16012,55.4371
16013,52.902
16014,20.6008
16015,78.7196
16016,59.0682
16017,28.0049
16018,11.4388
16019,50.0688
16020,77.7838
16021,29.6147
16022,19.6644
16023,10.2743
16024,14.1784
16025,67.0905
16026,41.1544
16027,19.1152
16028,27.0379
16029,76.5271
16030,33.4981
16031,16.1698
16032,40.975
16033,32.647
16034,32.673
16035,88.3066
16036,76.4516
16037,84.9425
16038,17.9472
16039,53.2956
16040,85.7408
16041,31.0467
16042,27.9602
16043,21.3144
16044,93.7738
16045,34.1815
16046,70.6942
16047,17.0863
16048,16.8538
16049,73.938
16050,24.9538
16051,70.373
16052,35.6574
16053,78.3017
16054,22.954
16055,68.9119
16056,40.4184
16057,39.5301
16058,76.8468
16059,20.4442
16060,20.4478
16061,15.5482
16062,24.7508
16063,46.48
16064,26.8095
16065,27.4985
16066,35.2078
16067,7.59331
16068,61.291
16069,51.3116
16070,26.9132
16071,82.1771
16072,56.614
16073,44.3823
16074,31.1459
16075,26.9325
16076,60.6683
16077,38.4409
16078,56.7174
16079,23.2831
16080,81.6132
16081,59.8639
16082,53.228
16083,56.5174
16084,30.4478
16085,35.6922
16086,41.9563
16087,33.0735
16088,57.786
16089,36.4798
16090,31.2183
16091,69.4402
16092,12.7685
16093,27.0012
16094,29.5796
16095,75.0768
16096,46.35
16097,69.1346
16098,43.5792
16099,92.3095
16100,12.821
16101,35.9655
16102,64.0491
16103,31.4687
16104,29.8435
16105,33.557
16106,72.9241
16107,40.4704
16108,38.8757
16109,28.869
16110,43.9072
16111,40.2087
16112,14.9774
16113,65.9941
16114,10.6077
16115,39.3868
16116,33.2501
16117,80.6527
16118,84.5687
16119,89.2983
16120,37.1449
16121,21.518
16122,64.9998
16123,28.5994
16124,38.5903
16125,32.6743
16126,55.14
16127,33.0413
16128,17.9415
16129,28.2606
16130,27.85
16131,52.404
16132,44.8875
16133,23.1779
16134,10.5047
16135,77.0957
16136,39.2072
16137,50.0361
16138,7.6901
16139,14.6817
16140,63.4364
16141,35.8768
16142,40.6798
16143,36.1361
16144,72.3026
16145,73.8825
16146,16.1828
16147,29.7604
16148,31.7251
16149,45.3466
16150,23.0567
16151,29.9846
16152,11.4474
16153,23.5837
16154,28.2389
16155,27.2676
16156,35.3791
16157,12.8008
16158,16.785
16159,56.0803
16160,65.5022
16161,82.584
16162,66.0957
16163,23.8566
16164,58.5172
16165,31.3765
16166,67.1499
16167,35.6675
16168,33.9844
16169,43.3419
16170,66.5059
16171,42.2284
16172,19.1825
16173,41.743
16174,53.8256
16175,27.3006
16176,43.9572
16177,80.0056
16178,50.341
16179,77.3972
16180,32.743
16181,49.4303
16182,38.0224
16183,22.7134
16184,83.9243
16185,27.3997
16186,64.3
16187,62.8153
16188,34.9057
16189,78.0953
16190,46.0435
16191,34.4096
16192,66.3516
16193,36.8446
16194,57.5908
16195,54.964
16196,59.9158
16197,86.1893
16198,67.7667
16199,42.9518
16200,84.3661
16201,50.4944
16202,53.6553
16203,50.1062
16204,33.2581
16205,31.9047
16206,32.0483
16207,35.9357
16208,53.0885
16209,72.7555
16210,16.3559
16211,16.5075
16212,83.8048
16213,28.6461
16214,84.2333
16215,55.6009
16216,43.6313
16217,38.1304
16218,14.9583
16219,66.2925
16220,60.5005
16221,72.7656
16222,15.1756
16223,54.3815
16224,80.7735
16225,18.7804
16226,33.7508
16227,46.0781
16228,49.304
16229,17.4761
16230,53.2746
16231,73.9129
16232,25.0845
16233,29.8831
16234,58.747
16235,59.9087
16236,67.0232
16237,55.441
16238,81.1439
16239,67.7598
16240,10.5335
16241,91.2857
16242,35.1427
16243,39.6734
16244,59.3362
16245,29.7598
16246,19.6459
16247,73.5742
16248,31.412
16249,38.6095
16250,43.6009
16251,9.09322
16252,80.7767
16253,43.0181
16254,32.2053
16255,49.9333
16256,37.549
16257,14.2429
16258,36.402
16259,42.6217
16260,31.3764
16261,24.1182
16262,36.2334
16263,80.6227
16264,37.8289
16265,80.7238
16266,27.0214
16267,44.6181
16268,31.4188
16269,61.2785
16270,26.0981
16271,42.5883
16272,57.7292
16273,17.2987
16274,24.9544
16275,56.6225
16276,56.2828
16277,83.7634
16278,24.9669
16279,79.2333
16280,67.421
16281,80.8572
16282,58.328
16283,51.3843
16284,25.2918
16285,67.2818
16286,75.528
16287,21.9306
16288,76.3145
16289,67.9218
16290,40.6363
16291,42.2592
16292,67.93
16293,51.5187
16294,58.056
16295,19.0774
16296,33.959
16297,40.4641
16298,35.9094
16299,33.5692
16300,38.9677
16301,89.2624
16302,67.5296
16303,40.9894
16304,69.2007
16305,43.866
16306,48.0816
16307,47.8819
16308,23.1379
16309,45.5316
16310,32.3275
16311,13.1574
16312,78.6459
16313,50.6722
16314,55.2872
16315,45.691
16316,78.8907
16317,25.4119
16318,48.6378
16319,18.9891
16320,55.8101
16321,17.2849
16322,53.9231
16323,57.696
16324,83.0957
16325,28.3603
16326,13.6144
16327,73.3624
16328,54.0362
16329,32.2279
16330,38.1522
16331,51.4628
16332,38.8307
16333,27.0894
16334,9.3981
16335,51.7133
16336,14.9455
16337,89.3256
16338,29.9419
16339,35.7718
16340,54.3759
16341,7.61789
16342,63.7746
16343,32.6821
16344,88.7739
16345,24.554
16346,22.5268
16347,38.8649
16348,39.2129
16349,60.9383
16350,34.4571
16351,34.1346
16352,84.3743
16353,32.9936
16354,39.4884
16355,27.8799
16356,54.071
16357,77.8666
16358,70.2749
16359,48.1846
16360,50.7004
16361,31.2421
16362,31.2787
16363,47.0424
16364,56.1537
16365,61.4043
16366,79.7445
16367,33.6091
16368,16.3386
16369,77.6959
16370,48.7485
16371,77.3926
16372,80.2477
16373,63.3028
16374,38.2967
16375,54.9262
16376,26.8424
16377,69.6823
16378,60.6843
16379,60.6002
16380,83.9281
16381,80.7934
16382,18.7412
16383,69.864
16384,24.9497
16385,75.014
16386,50.0614
16387,64.2772
16388,43.2029
16389,41.1341
16390,51.4359
16391,45.8699
16392,63.1261
16393,7.48779
16394,41.4699
16395,84.172
16396,87.8474
16397,79.0826
16398,46.4498
16399,53.5548
16400,17.4589
16401,27.1469
16402,17.8116
16403,84.2938
16404,80.319
16405,29.4916
16406,85.5628
16407,37.4127
16408,67.1564
16409,56.0368
16410,28.7681
16411,48.1551
16412,46.9697
16413,51.2596
16414,19.9552
16415,46.495
16416,62.8094
16417,87.3375
16418,59.9943
16419,33.0682
16420,17.5996
16421,42.589
16422,16.6722
16423,88.7217
16424,43.9695
16425,8.0429
16426,35.5793
16427,36.0826
16428,63.7147
16429,14.1406
16430,13.0334
16431,29.9268
16432,90.6852
16433,39.5902
16434,67.6113
16435,63.6887
16436,64.103
16437,61.3814
16438,31.6668
16439,31.7746
16440,33.7606
16441,24.9532
16442,30.1745
16443,71.0408
16444,55.1416
16445,41.2798
16446,48.8088
16447,31.8917
16448,15.0833
16449,40.7486
16450,18.4443
16451,31.1232
16452,31.678
16453,71.3524
16454,87.9633
16455,91.3808
16456,45.2798
16457,21.2339
16458,55.0217
16459,54.9318
16460,34.4835
16461,11.8445
16462,43.7287
16463,62.4666
16464,52.4496
16465,44.0423
16466,14.6129
16467,63.2274
16468,89.876
16469,76.5347
16470,53.665
16471,62.0005
16472,49.972
16473,35.0384
16474,46.5408
16475,20.8626
16476,68.9945
16477,47.006
16478,39.9618
16479,88.0399
16480,58.3319
16481,63.8155
16482,58.5241
16483,71.6213
16484,31.5506
16485,37.792
16486,32.3237
16487,58.1884
16488,16.33
16489,36.1078
16490,83.0639
16491,27.5749
16492,60.5018
16493,82.0924
16494,24.3787
16495,69.7453
16496,40.8615
16497,44.704
16498,31.6708
16499,78.5231
16500,22.5393
16501,8.44671
16502,50.7974
16503,30.6967
16504,82.3525
16505,19.6413
16506,39.5118
16507,48.109
16508,75.9433
16509,36.1649
16510,83.5458
16511,81.2492
16512,70.529
16513,8.93614
16514,38.8646
16515,37.523
16516,33.9923
16517,46.0304
16518,20.4336
16519,40.8889
16520,80.2856
16521,18.816
16522,12.3968
16523,51.8921
16524,29.7713
16525,49.4415
16526,37.8272
16527,84.3581
16528,53.1353
16529,76.5652
16530,34.033
16531,37.8168
16532,61.8674
16533,96.3467
16534,27.9667
16535,34.9879
16536,27.1211
16537,56.2354
16538,37.8898
16539,64.6938
16540,78.2106
16541,38.0708
16542,70.3002
16543,8.1605
16544,53.8568
16545,21.6537
16546,66.6932
16547,57.7599
16548,22.4543
16549,88.0092
16550,49.0766
16551,38.0349
16552,38.6039
16553,16.5616
16554,54.9331
16555,29.9708
16556,68.8546
16557,61.8945
16558,28.038
16559,44.0239
16560,58.4518
16561,45.3141
16562,93.1715
16563,91.2907
16564,27.5535
16565,30.5099
16566,81.1943
16567,14.8043
16568,27.4496
16569,36.2352
16570,12.2559
16571,74.519
16572,70.9465
16573,38.3789
16574,24.5625
16575,35.8638
16576,40.6442
16577,58.1798
16578,68.4601
16579,22.8314
16580,35.8368
16581,29.4328
16582,17.293
16583,40.537
16584,33.6766
16585,56.2075
16586,30.81
16587,20.0135
16588,34.899
16589,41.7336
16590,32.1065
16591,34.8147
16592,85.3197
16593,86.8094
16594,30.4663
16595,58.2877
16596,67.0156
16597,10.3471
16598,63.3718
16599,88.688
16600,58.2889
16601,84.3476
16602,79.2718
16603,74.5305
16604,27.5327
16605,44.2078
16606,35.1951
16607,72.2453
16608,46.62
16609,78.2433
16610,67.0941
16611,87.3734
16612,67.7443
16613,59.3846
16614,19.9755
16615,45.2902
16616,44.216
16617,77.2471
16618,89.0247
16619,29.2447
16620,40.5603
16621,22.8109
16622,50.5734
16623,89.3013
16624,42.2575
16625,52.1037
16626,43.9573
16627,65.5422
16628,14.2847
16629,60.5167
16630,19.7092
16631,54.8927
16632,25.465
16633,44.5443
16634,10.4109
16635,85.1842
16636,19.6532
16637,66.7057
16638,37.1654
16639,27.9647
16640,35.1178
16641,28.8839
16642,35.0564
16643,44.1168
16644,51.6545
16645,29.5047
16646,35.4601
16647,29.823
16648,59.5954
16649,36.1034
16650,93.1939
16651,45.9444
16652,20.6312
16653,92.2421
16654,22.8094
16655,27.7343
16656,69.8187
16657,8.11326
16658,31.0725
16659,19.0332
16660,30.6786
16661,15.6063
16662,43.5207
16663,35.1085
16664,21.5537
16665,67.8876
16666,31.572
16667,26.0412
16668,10.7592
16669,37.3754
16670,77.2364
16671,11.9706
16672,39.4682
16673,55.2159
16674,74.6706
16675,51.6987
16676,83.8795
16677,41.4135
16678,49.1647
16679,44.9368
16680,55.1511
16681,28.0219
16682,69.0927
16683,9.78288
16684,63.3546
16685,68.3579
16686,58.6685
16687,58.6909
16688,82.5462
16689,73.241
16690,62.4631
16691,62.6151
16692,42.808
16693,33.6511
16694,10.3343
16695,61.9114
16696,24.6545
16697,86.5382
16698,30.1494
16699,38.9743
16700,9.9988
16701,49.197
16702,33.3009
16703,30.2488
16704,86.81
16705,47.4559
16706,64.258
16707,17.713
16708,29.3039
16709,58.9897
16710,51.5119
16711,11.3744
16712,63.2433
16713,12.2751
16714,21.7438
16715,82.5364
16716,13.1553
16717,68.2836
16718,29.7457
16719,44.5638
16720,90.9933
16721,12.6316
16722,44.598
16723,75.7364
16724,64.9256
16725,50.5099
16726,52.2049
16727,64.9453
16728,27.1218
16729,37.9327
16730,34.2055
16731,53.9857
16732,80.2146
16733,78.9376
16734,17.2676
16735,8.9372
16736,43.4882
16737,44.4961
16738,88.911
16739,74.6542
16740,71.3682
16741,32.6696
16742,51.2015
16743,46.0722
16744,88.3597
16745,43.9262
16746,23.9249
16747,29.3103
16748,17.0674
16749,31.7892
16750,10.9546
16751,55.6266
16752,28.0584
16753,41.8661
16754,14.9417
16755,15.8834
16756,46.3594
16757,95.4785
16758,11.8434
16759,84.9138
16760,14.1341
16761,55.3614
16762,36.7785
16763,73.2734
16764,68.2895
16765,27.878
16766,62.7787
16767,20.1828
16768,58.8773
16769,28.68
16770,47.2433
16771,65.9371
16772,55.9209
16773,50.6601
16774,35.3091
16775,52.4885
16776,52.2311
16777,41.8386
16778,31.3767
16779,59.1303
16780,36.0539
16781,65.5355
16782,48.1934
16783,28.7583
16784,19.0897
16785,38.7545
16786,55.4563
16787,34.0238
16788,77.398
16789,61.1608
16790,21.8979
16791,29.0976
16792,28.8896
16793,40.0571
16794,27.9836
16795,41.4899
16796,55.2023
16797,44.9172
16798,85.4795
16799,79.1871
16800,18.8137
16801,61.925
16802,27.3454
16803,30.3871
16804,60.5538
16805,62.2885
16806,30.5298
16807,72.2344
16808,47.9651
16809,46.2686
16810,23.0606
16811,49.709
16812,68.5687
16813,53.8327
16814,52.5601
16815,39.8274
16816,90.5617
16817,72.6466
16818,37.5499
16819,18.0563
16820,30.7103
16821,10.6183
16822,47.0274
16823,66.1692
16824,30.644
16825,72.0257
16826,52.8668
16827,69.6338
16828,59.7999
16829,87.9802
16830,35.1641
16831,65.9935
16832,36.5887
16833,9.29958
16834,29.3007
16835,78.6117
16836,85.8973
16837,43.4996
16838,15.3463
16839,53.7853
16840,34.1924
16841,46.3203
16842,66.1174
16843,48.9328
16844,54.595
16845,35.5698
16846,25.2041
16847,87.4901
16848,23.1759
16849,28.949
16850,70.8498
16851,28.7244
16852,41.8699
16853,37.2655
16854,61.6867
16855,69.0264
16856,79.236
16857,29.5777
16858,59.8586
16859,74.2277
16860,55.0899
16861,33.5622
16862,55.8039
16863,39.7013
16864,47.9161
16865,70.9433
16866,28.9253
16867,13.8486
16868,63.9521
16869,25.3139
16870,17.2026
16871,14.7181
16872,79.742
16873,76.0702
16874,63.9739
16875,69.4985
16876,15.9208
16877,38.573
16878,12.2497
16879,36.0819
16880,74.0474
16881,22.6553
16882,73.0631
16883,71.8841
16884,85.9153
16885,21.3067
16886,43.2954
16887,75.8804
16888,26.9109
16889,36.9638
16890,49.6068
16891,81.8927
16892,70.2684
16893,52.8032
16894,54.5739
16895,66.6691
16896,51.217
16897,20.6477
16898,44.9218
16899,24.4485
16900,31.7603
16901,52.828
16902,85.5356
16903,87.9023
16904,40.0604
16905,40.3224
16906,48.5929
16907,68.0815
16908,46.2735
16909,69.9919
16910,47.7827
16911,18.3302
16912,35.0958
16913,74.7029
16914,35.4805
16915,36.438
16916,30.9189
16917,31.9146
16918,72.0211
16919,86.4897
16920,61.9657
16921,24.3462
16922,33.2587
16923,52.498
16924,91.5231
16925,24.4681
16926,9.54682
16927,37.1403
16928,56.2332
16929,65.9819
16930,69.2531
16931,37.8706
16932,27.3939
16933,81.2104
16934,38.1627
16935,22.8322
16936,47.0052
16937,16.1742
16938,39.9932
16939,73.9759
16940,35.0438
16941,69.1302
16942,71.3092
16943,50.028
16944,39.2791
16945,26.7304
16946,38.0459
16947,12.5368
16948,56.053
16949,55.5782
16950,30.3162
16951,63.2865
16952,51.7469
16953,81.6676
16954,29.4893
16955,31.0059
16956,31.2747
16957,41.8335
16958,32.3486
16959,31.5627
16960,66.03
16961,73.6634
16962,32.1843
16963,54.7834
16964,49.2238
16965,72.7513
16966,14.556
16967,17.2396
16968,74.4092
16969,28.1198
16970,65.6489
16971,63.3973
16972,58.8227
16973,37.1328
16974,16.629
16975,33.7192
16976,50.8677
16977,48.0426
16978,73.4776
16979,15.7056
16980,27.7851
16981,35.8973
16982,49.9628
16983,17.9391
16984,50.4514
16985,88.9069
16986,46.976
16987,34.5055
16988,51.6916
16989,47.0249
16990,13.0338
16991,41.6747
16992,85.5261
16993,41.6457
16994,76.7405
16995,29.745
16996,42.8815
16997,81.8095
16998,38.9953
16999,22.111
17000,40.922
17001,31.8159
17002,59.7049
17003,57.4363
17004,27.425
17005,78.1162
17006,24.9588
17007,36.8622
17008,7.05047
17009,62.2649
17010,67.0567
17011,71.3234
17012,16.5837
17013,34.0923
17014,76.0699
17015,28.3971
17016,50.2908
17017,26.8129
17018,56.5621
17019,79.0542
17020,79.2375
17021,39.4172
17022,31.075
17023,51.0586
17024,28.3946
17025,15.2859
17026,89.3655
17027,27.7953
17028,17.6464
17029,15.1093
17030,28.7751
17031,61.5887
17032,79.5406
17033,56.3679
17034,32.2975
17035,32.6372
17036,67.6145
17037,31.9448
17038,29.6956
17039,84.3417
17040,66.6022
17041,28.5023
17042,35.8863
17043,56.8553
17044,81.0016
17045,91.5359
17046,72.2214
17047,81.887
17048,76.4691
17049,70.7177
17050,20.2167
17051,10.2049
17052,90.209
17053,36.6873
17054,79.1768
17055,83.8833
17056,59.8364
17057,29.096
17058,69.8374
17059,32.1928
17060,33.676
17061,24.1475
17062,55.5922
17063,25.9704
17064,54.0616
17065,47.6613
17066,17.7274
17067,30.6075
17068,28.7792
17069,30.7037
17070,38.0954
17071,83.37
17072,68.7988
17073,46.2245
17074,59.1888
17075,32.243
17076,51.5823
17077,49.6975
17078,72.2016
17079,61.2632
17080,68.1773
17081,83.8651
17082,44.7498
17083,21.2423
17084,68.0908
17085,42.7314
17086,53.9967
17087,87.3071
17088,50.4357
17089,68.2842
17090,11.2593
17091,17.479
17092,16.958
17093,30.5615
17094,32.7432
17095,25.2592
17096,52.1867
17097,38.1876
17098,37.7825
17099,50.7593
17100,46.5146
17101,29.3251
17102,71.4918
17103,45.4968
17104,29.3878
17105,31.4666
17106,33.9825
17107,13.5612
17108,30.1015
17109,72.7987
17110,32.3201
17111,33.3429
17112,29.6224
17113,32.6571
17114,88.3256
17115,29.4653
17116,23.6356
17117,58.7954
17118,45.0751
17119,47.0592
17120,81.8733
17121,92.577
17122,63.634
17123,35.8795
17124,52.1923
17125,39.1361
17126,75.4047
17127,14.2328
17128,31.6032
17129,9.32671
17130,85.7316
17131,68.7959
17132,79.6112
17133,64.4265
17134,42.8876
17135,76.7512
17136,94.3133
17137,48.7348
17138,19.7982
17139,70.2384
17140,32.7586
17141,74.2106
17142,47.5689
17143,32.4078
17144,36.9562
17145,31.6669
17146,59.876
17147,47.4198
17148,40.7306
17149,61.834
17150,27.6031
17151,35.3972
17152,16.6397
17153,70.6555
17154,31.95
17155,64.2889
17156,93.3124
17157,51.3778
17158,74.0917
17159,24.2884
17160,74.6653
17161,90.7742
17162,62.4283
17163,31.3854
17164,32.7036
17165,16.747
17166,76.9368
17167,89.4983
17168,12.5486
17169,68.5724
17170,60.9273
17171,72.2434
17172,40.4193
17173,22.8526
17174,37.4511
17175,31.645
17176,54.0833
17177,27.7525
17178,93.4637
17179,83.3307
17180,16.7839
17181,59.9732
17182,61.2357
17183,24.5267
17184,57.3589
17185,54.2243
17186,54.1492
17187,84.0358
17188,25.1139
17189,24.6212
17190,41.7485
17191,18.6961
17192,13.6041
17193,42.8515
17194,77.2027
17195,21.0342
17196,10.02
17197,38.34
17198,31.3707
17199,48.5894
17200,34.2674
17201,89.9035
17202,32.3635
17203,65.5459
17204,67.4933
17205,77.0217
17206,81.3254
17207,50.2771
17208,30.8721
17209,25.5839
17210,33.9754
17211,12.3067
17212,64.1456
17213,49.1245
17214,43.4047
17215,42.7136
17216,65.4843
17217,65.8629
17218,76.2275
17219,49.7868
17220,78.4399
17221,42.0019
17222,7.34435
17223,39.4677
17224,30.4041
17225,61.0397
17226,49.7168
17227,89.9783
17228,32.486
17229,65.3869
17230,45.0211
17231,82.4307
17232,39.9989
17233,54.0375
17234,35.7566
17235,10.9052
17236,84.5179
17237,84.985
17238,33.3789
17239,28.0408
17240,52.7382
17241,33.8436
17242,75.1972
17243,13.5544
17244,39.4927
17245,25.4205
17246,26.9313
17247,55.1191
17248,70.1701
17249,89.2912
17250,53.4393
17251,83.7785
17252,28.969
17253,25.3953
17254,28.0457
17255,85.5153
17256,81.9574
17257,32.8998
17258,90.3718
17259,18.1475
17260,53.587
17261,50.9704
17262,60.8198
17263,71.6632
17264,47.0946
17265,28.3286
17266,14.6685
17267,74.9202
17268,43.6666
17269,92.1894
17270,20.0263
17271,26.6515
17272,56.2203
17273,55.5877
17274,56.9064
17275,89.9181
17276,36.3761
17277,43.479
17278,22.1427
17279,89.3113
17280,16.6771
17281,54.8471
17282,11.7904
17283,90.9797
17284,29.3406
17285,63.7039
17286,35.4022
17287,54.2316
17288,75.9464
17289,32.5817
17290,74.1176
17291,53.3738
17292,54.3105
17293,45.9347
17294,33.8395
17295,54.3634
17296,33.9452
17297,82.7158
17298,49.206
17299,46.243
17300,10.0886
17301,58.3459
17302,73.4711
17303,82.1029
17304,46.4161
17305,10.4181
17306,53.9393
17307,10.1152
17308,49.5791
17309,52.0935
17310,35.8655
17311,32.1305
17312,44.8239
17313,51.4416
17314,26.5449
17315,80.7529
17316,62.2731
17317,50.7917
17318,34.069
17319,85.9039
17320,13.5463
17321,25.1165
17322,52.2536
17323,39.4374
17324,12.4165
17325,74.4312
17326,28.6705
17327,36.1532
17328,16.4224
17329,34.7274
17330,65.9034
17331,36.9831
17332,32.4852
17333,39.62
17334,81.8107
17335,46.4214
17336,81.7787
17337,81.1505
17338,78.8396
17339,18.7108
17340,27.562
17341,89.8853
17342,93.7462
17343,19.9344
17344,81.6768
17345,62.17
17346,36.9304
17347,39.0059
17348,90.6578
17349,22.6381
17350,41.4548
17351,84.2591
17352,86.4283
17353,30.2177
17354,72.8184
17355,10.8005
17356,65.8858
17357,12.8528
17358,33.2996
17359,31.7988
17360,56.1639
17361,47.0434
17362,9.04665
17363,80.0216
17364,24.7175
17365,29.3706
17366,30.9244
17367,12.9671
17368,64.2866
17369,31.4136
17370,42.6034
17371,65.1737
17372,24.4536
17373,33.1791
17374,33.3382
17375,10.9305
17376,56.4584
17377,39.3806
17378,57.9729
17379,94.4178
17380,92.8292
17381,81.2541
17382,28.8387
17383,48.8224
17384,23.5566
17385,24.9192
17386,39.9439
17387,60.8602
17388,41.3888
17389,84.713
17390,81.5965
17391,40.171
17392,15.2738
17393,66.4463
17394,24.6125
17395,44.45
17396,33.6812
17397,50.007
17398,50.4658
17399,82.092
17400,84.9689
17401,43.5245
17402,37.9066
17403,23.6531
17404,10.2202
17405,54.9535
17406,81.5289
17407,41.3914
17408,16.9091
17409,82.0653
17410,39.2127
17411,88.7041
17412,24.3468
17413,47.6345
17414,78.903
17415,34.4943
17416,70.0621
17417,29.9439
17418,37.8494
17419,29.7654
17420,49.3329
17421,75.0314
17422,37.7309
17423,67.6072
17424,44.8715
17425,85.4288
17426,19.8627
17427,38.4832
17428,60.2891
17429,10.6055
17430,63.5984
17431,27.3663
17432,62.9392
17433,29.3535
17434,28.3986
17435,35.539
17436,22.4607
17437,10.0417
17438,80.9945
17439,39.6292
17440,63.9564
17441,34.0502
17442,30.2677
17443,29.0738
17444,68.8404
17445,59.6178
17446,49.386
17447,42.6488
17448,84.8115
17449,19.6043
17450,53.2127
17451,23.3194
17452,77.8663
17453,13.0053
17454,17.1129
17455,46.2474
17456,13.9846
17457,55.2334
17458,22.5846
17459,16.9149
17460,60.338
17461,35.3696
17462,37.8901
17463,89.4172
17464,57.5786
17465,28.1545
17466,60.1253
17467,15.9462
17468,55.0153
17469,50.5457
17470,39.0971
17471,49.0042
17472,80.8537
17473,63.421
17474,63.8876
17475,16.1426
17476,59.2924
17477,63.8509
17478,10.9075
17479,92.4192
17480,59.875
17481,12.0423
17482,8.83842
17483,48.3243
17484,64.8551
17485,78.5094
17486,13.4152
17487,40.1024
17488,27.7611
17489,70.7492
17490,83.1143
17491,30.6839
17492,47.8325
17493,27.3833
17494,7.07529
17495,60.4729
17496,26.2947
17497,37.3917
17498,85.8881
17499,36.5816
17500,42.9416
17501,34.9058
17502,51.6183
17503,80.959
17504,58.8676
17505,14.9022
17506,74.7127
17507,86.4301
17508,34.894
17509,28.4596
17510,51.5711
17511,67.6691
17512,35.9144
17513,31.214
17514,79.2714
17515,88.5725
17516,62.1934
17517,83.5979
17518,39.0563
17519,18.1636
17520,37.5559
17521,70.0815
17522,36.1661
17523,20.3966
17524,23.4055
17525,46.4479
17526,81.928
17527,31.7475
17528,71.5792
17529,63.5494
17530,79.415
17531,41.8735
17532,57.44
17533,34.0073
17534,41.3696
17535,60.4579
17536,72.9695
17537,47.272
17538,64.3165
17539,29.8802
17540,33.7287
17541,39.6588
17542,72.9561
17543,48.9653
17544,21.1235
17545,14.2636
17546,56.7282
17547,87.6983
17548,74.8855
17549,20.6466
17550,34.6578
17551,74.3139
17552,57.0166
17553,47.1181
17554,22.2491
17555,19.9356
17556,76.6156
17557,33.1981
17558,78.5799
17559,54.6172
17560,49.886
17561,41.1935
17562,67.6748
17563,16.3364
17564,45.4199
17565,9.9028
17566,35.9667
17567,92.9348
17568,13.2331
17569,48.0891
17570,33.0026
17571,29.5144
17572,31.6398
17573,63.3836
17574,67.314
17575,39.6948
17576,38.4277
17577,19.3609
17578,34.2019
17579,81.36
17580,39.8064
17581,64.9552
17582,47.771
17583,61.7845
17584,44.9916
17585,47.8291
17586,27.4314
17587,58.9541
17588,13.8023
17589,33.4829
17590,60.6246
17591,28.0511
17592,75.3138
17593,44.1086
17594,59.7726
17595,79.9044
17596,12.3718
17597,43.521
17598,42.5391
17599,57.1257
17600,40.5006
17601,39.6464
17602,33.5593
17603,32.7839
17604,23.1927
17605,22.5795
17606,16.084
17607,81.4469
17608,45.2134
17609,56.5666
17610,79.6251
17611,78.723
17612,31.809
17613,66.7999
17614,35.6872
17615,30.8767
17616,57.7661
17617,16.5794
17618,56.0506
17619,54.2004
17620,15.1757
17621,86.0917
17622,85.7583
17623,14.8055
17624,49.7848
17625,21.0286
17626,80.377
17627,33.166
17628,42.6001
17629,36.4742
17630,44.7917
17631,49.9491
17632,33.7394
17633,51.2501
17634,45.7669
17635,13.8892
17636,77.9479
17637,43.3262
17638,78.2742
17639,64.9923
17640,35.0474
17641,29.548
17642,82.4457
17643,36.1054
17644,34.3389
17645,29.5015
17646,60.5279
17647,71.617
17648,38.0418
17649,36.142
17650,25.2821
17651,8.88881
17652,13.7648
17653,23.5573
17654,34.1343
17655,81.954
17656,24.5921
17657,74.8604
17658,55.4456
17659,82.0092
17660,30.8476
17661,7.21472
17662,84.8533
17663,51.0155
17664,37.862
17665,30.5972
17666,38.1188
17667,49.3763
17668,60.3065
17669,8.40953
17670,37.5816
17671,29.1392
17672,36.2324
17673,64.6142
17674,52.9146
17675,7.96457
17676,31.8942
17677,83.424
17678,29.0696
17679,89.5814
17680,60.3548
17681,37.3059
17682,45.5956
17683,81.2766
17684,31.1405
17685,86.1556
17686,35.284
17687,53.3867
17688,26.8306
17689,48.7074
17690,19.6066
17691,69.9681
17692,28.9574
17693,81.3078
17694,29.3708
17695,71.0815
17696,77.0081
17697,27.9991
17698,88.6278
17699,69.9112
17700,20.3721
17701,33.4413
17702,17.0387
17703,28.7938
17704,27.3
17705,53.2693
17706,87.0557
17707,30.4237
17708,28.2846
17709,73.7646
17710,30.919
17711,87.4918
17712,25.633
17713,77.3864
17714,51.79
17715,27.4697
17716,16.7959
17717,38.0682
17718,52.8929
17719,20.0758
17720,57.5741
17721,64.3278
17722,38.8374
17723,31.9319
17724,67.4869
17725,51.3213
17726,12.2752
17727,7.77353
17728,68.6581
17729,28.9021
17730,80.284
17731,38.1984
17732,49.9471
17733,36.084
17734,70.6344
17735,45.1641
17736,15.8168
17737,42.8551
17738,79.5084
17739,55.3455
17740,36.9239
17741,73.8775
17742,30.9767
17743,62.9894
17744,54.8795
17745,33.4853
17746,31.5339
17747,31.5368
17748,61.6254
17749,46.2674
17750,49.194
17751,7.97855
17752,55.79
17753,63.8275
17754,43.4845
17755,28.8518
17756,60.0788
17757,30.7507
17758,64.6372
17759,43.1638
17760,47.2997
17761,75.7484
17762,25.2331
17763,79.6031
17764,28.6634
17765,18.4892
17766,59.6873
17767,67.4596
17768,28.4223
17769,64.9071
17770,65.3391
17771,32.3061
17772,38.6427
17773,45.9712
17774,48.4161
17775,48.3808
17776,73.6378
17777,38.2097
17778,51.1752
17779,38.1159
17780,16.4789
17781,44.7838
17782,40.3202
17783,82.6539
17784,81.9261
17785,9.99993
17786,10.8101
17787,37.0303
17788,81.476
17789,21.8112
17790,90.9114
17791,29.0464
17792,89.8758
17793,33.4088
17794,41.9964
17795,18.3336
17796,27.3453
17797,35.731
17798,67.6111
17799,66.3847
17800,28.1319
17801,24.9759
17802,80.7069
17803,64.6517
17804,29.6532
17805,59.2442
17806,11.9119
17807,26.325
17808,31.9846
17809,82.5077
17810,31.647
17811,57.5064
17812,34.207
17813,19.0516
17814,61.3134
17815,28.4598
17816,50.8085
17817,38.6052
17818,60.5374
17819,77.3505
17820,81.4024
17821,27.5173
17822,30.0144
17823,46.696
17824,27.9374
17825,76.0444
17826,33.5533
17827,30.9202
17828,29.593
17829,65.6811
17830,40.3501
17831,43.4808
17832,27.4501
17833,54.1865
17834,82.4411
17835,34.4658
17836,13.1116
17837,27.2055
17838,91.53
17839,17.1457
17840,34.8863
17841,42.1326
17842,83.3418
17843,28.4231
17844,37.9764
17845,19.7231
17846,28.4594
17847,50.0748
17848,77.5609
17849,36.6235
17850,39.1438
17851,48.4948
17852,78.6846
17853,41.771
17854,28.8613
17855,8.32905
17856,15.9951
17857,83.5998
17858,86.5752
17859,27.7706
17860,33.2499
17861,66.9368
17862,86.776
17863,75.6919
17864,8.14696
17865,46.0065
17866,84.7525
17867,27.1901
17868,84.9079
17869,44.1358
17870,6.81815
17871,77.3346
17872,43.1478
17873,45.5368
17874,31.7773
17875,89.4538
17876,51.3339
17877,75.4164
17878,24.8115
17879,11.4374
17880,33.4365
17881,80.1928
17882,30.5217
17883,38.2872
17884,83.9295
17885,49.7683
17886,91.8538
17887,76.4971
17888,35.3576
17889,30.7456
17890,40.0858
17891,56.8926
17892,40.0911
17893,33.4772
17894,15.602
17895,58.9488
17896,24.3152
17897,89.5355
17898,53.4333
17899,63.1563
17900,39.0836
17901,29.4214
17902,40.2547
17903,77.547
17904,36.9739
17905,34.6947
17906,31.9067
17907,43.6
17908,31.326
17909,29.4586
17910,31.392
17911,44.4456
17912,53.1641
17913,65.9043
17914,39.6419
17915,60.5116
17916,77.1429
17917,44.0075
17918,27.3769
17919,26.1363
17920,10.6842
17921,90.2941
17922,59.6324
17923,65.288
17924,42.8673
17925,28.0384
17926,80.2482
17927,43.1109
17928,22.5434
17929,60.8925
17930,42.4443
17931,20.3713
17932,33.571
17933,90.0286
17934,30.9833
17935,37.0419
17936,23.1177
17937,33.6362
17938,40.5347
17939,15.6708
17940,19.9628
17941,34.9055
17942,87.8375
17943,35.5623
17944,27.7496
17945,32.2138
17946,57.5197
17947,31.3525
17948,7.35094
17949,22.8238
17950,84.0423
17951,87.9306
17952,45.4046
17953,79.3036
17954,34.2312
17955,87.2312
17956,57.276
17957,52.0389
17958,28.8932
17959,59.6612
17960,41.7997
17961,44.2981
17962,70.7597
17963,23.6037
17964,78.5369
17965,66.044
17966,66.989
17967,77.575
17968,89.3031
17969,19.1111
17970,77.6395
17971,79.2464
17972,47.3867
17973,55.6759
17974,86.7367
17975,27.8168
17976,24.9205
17977,36.0716
17978,81.1567
17979,85.9294
17980,17.8056
17981,53.3555
17982,11.6059
17983,15.7781
17984,36.0398
17985,67.7667
17986,56.0873
17987,19.9606
17988,48.3888
17989,31.1294
17990,30.0685
17991,42.6387
17992,35.3378
17993,43.4039
17994,88.6911
17995,33.9532
17996,15.8962
17997,28.4981
17998,85.8605
17999,28.2981
18000,78.4942
18001,27.8781
18002,64.497
18003,63.2604
18004,8.97076
18005,67.4865
18006,73.5402
18007,54.319
18008,67.6727
18009,63.7563
18010,57.3655
18011,25.6955
18012,23.6406
18013,43.6154
18014,47.1702
18015,43.4928
18016,53.9781
18017,45.3854
18018,49.3255
18019,28.4761
18020,49.8469
18021,15.8523
18022,29.6754
18023,30.3232
18024,66.5908
18025,65.7307
18026,23.8531
18027,30.6589
18028,60.629
18029,10.0125
18030,73.0676
18031,23.5673
18032,7.93402
18033,33.2228
18034,88.1839
18035,45.6193
18036,28.7194
18037,47.7245
18038,59.3689
18039,17.984
18040,50.2381
18041,89.0986
18042,48.1672
18043,31.3257
18044,29.5334
18045,52.5744
18046,30.731
18047,78.8419
18048,63.5955
18049,71.1522
18050,28.7862
18051,76.1609
18052,40.6997
18053,68.787
18054,76.6173
18055,39.0564
18056,35.4827
18057,33.4953
18058,35.0932
18059,45.8217
18060,27.9662
18061,52.3231
18062,42.2453
18063,24.6326
18064,76.0625
18065,51.4921
18066,46.2596
18067,37.3602
18068,35.4282
18069,28.2501
18070,36.016
18071,19.1012
18072,75.274
18073,34.0217
18074,93.118
18075,85.1528
18076,31.1982
18077,31.9436
18078,42.2096
18079,27.7661
18080,50.1556
18081,38.7076
18082,78.0904
18083,78.1657
18084,35.519
18085,38.1407
18086,40.6599
18087,58.7577
18088,51.436
18089,76.5978
18090,62.1313
18091,50.6739
18092,87.4292
18093,62.7287
18094,29.7578
18095,55.5348
18096,13.5005
18097,52.1386
18098,34.4019
18099,38.2525
18100,35.736
18101,81.5445
18102,13.9908
18103,89.8167
18104,47.5322
18105,46.1342
18106,72.7983
18107,57.794
18108,16.8591
18109,73.6446
18110,17.4035
18111,65.8355
18112,37.2347
18113,32.0681
18114,40.6893
18115,53.6625
18116,37.3155
18117,38.8774
18118,29.9072
18119,47.7388
18120,67.8329
18121,24.9357
18122,48.1967
18123,21.1588
18124,34.6866
18125,30.2601
18126,14.8067
18127,38.1351
18128,70.5579
18129,73.0781
18130,59.5195
18131,10.5122
18132,34.1532
18133,46.8232
18134,55.0225
18135,78.2826
18136,44.0146
18137,49.147
18138,17.3245
18139,78.183
18140,10.2031
18141,35.1748
18142,28.4032
18143,22.1909
18144,37.0966
18145,89.6783
18146,52.7717
18147,71.4521
18148,31.79
18149,41.7627
18150,77.2056
18151,14.304
18152,49.218
18153,29.3579
18154,28.247
18155,21.2728
18156,32.0827
18157,87.9138
18158,53.0485
18159,92.9082
18160,36.2898
18161,17.7822
18162,30.6352
18163,78.1997
18164,54.0718
18165,75.3171
18166,44.973
18167,64.0407
18168,92.5267
18169,9.03033
18170,37.5915
18171,78.8884
18172,32.1296
18173,34.999
18174,64.8188
18175,20.2038
18176,17.5919
18177,68.4228
18178,29.9903
18179,81.4001
18180,72.8691
18181,77.3915
18182,48.5063
18183,18.5621
18184,26.5699
18185,90.7951
18186,73.3434
18187,67.8639
18188,52.8366
18189,15.5913
18190,22.1223
18191,90.0438
18192,32.2891
18193,67.9657
18194,9.51331
18195,23.5438
18196,36.1165
18197,53.4317
18198,65.4177
18199,66.3038
18200,13.9555
18201,58.2383
18202,54.0409
18203,85.9523
18204,32.8864
18205,12.8572
18206,39.3369
18207,33.2731
18208,16.4439
18209,11.747
18210,89.7368
18211,85.8075
18212,29.1649
18213,26.0554
18214,95.7487
18215,71.7903
18216,32.0686
18217,42.7479
18218,68.9286
18219,32.0314
18220,36.5537
18221,20.0738
18222,56.0992
18223,41.1957
18224,50.1932
18225,50.1592
18226,40.5335
18227,28.4045
18228,59.0176
18229,37.7473
18230,25.4704
18231,8.95608
18232,45.7169
18233,55.5608
18234,27.4549
18235,28.962
18236,46.1993
18237,52.8637
18238,30.5227
18239,45.0641
18240,46.8491
18241,92.7868
18242,61.2956
18243,33.2048
18244,23.6244
18245,6.71475
18246,50.7693
18247,49.4061
18248,57.592
18249,24.898
18250,31.5092
18251,20.3391
18252,53.3236
18253,74.5075
18254,32.0801
18255,9.86439
18256,60.8538
18257,47.2465
18258,65.3736
18259,49.0419
18260,58.5456
18261,48.3978
18262,40.7388
18263,37.7553
18264,39.0111
18265,49.0865
18266,66.9986
18267,32.7274
18268,49.9885
18269,43.1987
18270,32.8884
18271,46.6301
18272,55.1101
18273,82.8975
18274,55.3887
18275,27.0991
18276,60.1629
18277,60.8695
18278,55.1192
18279,27.0541
18280,55.9549
18281,37.9325
18282,76.7455
18283,64.0067
18284,16.6268
18285,30.7075
18286,49.304
18287,35.2575
18288,43.422
18289,35.9397
18290,68.7343
18291,54.8347
18292,65.9147
18293,84.1587
18294,12.9456
18295,74.8082
18296,55.4378
18297,38.2276
18298,30.8883
18299,45.3615
18300,75.366
18301,28.5609
18302,42.6711
18303,39.0293
18304,33.4544
18305,38.3024
18306,43.4836
18307,33.7749
18308,18.4369
18309,15.3825
18310,75.8501
18311,77.5035
18312,61.6657
18313,63.654
18314,82.6144
18315,49.3961
18316,60.5418
18317,81.86
18318,17.035
18319,36.1096
18320,38.3129
18321,52.5743
18322,84.9689
18323,59.1618
18324,84.0783
18325,74.4019
18326,65.9262
18327,38.9935
18328,56.198
18329,54.1541
18330,42.6076
18331,30.3744
18332,28.559
18333,38.8565
18334,52.5711
18335,63.9016
18336,35.0126
18337,38.2122
18338,70.5916
18339,44.9931
18340,72.4125
18341,30.3631
18342,34.5077
18343,87.4191
18344,64.2265
18345,58.7761
18346,91.0097
18347,31.1659
18348,69.4902
18349,29.8266
18350,45.5509
18351,65.6927
18352,16.4496
18353,26.9369
18354,48.5772
18355,66.946
18356,42.4774
18357,53.7948
18358,18.2141
18359,80.5752
18360,47.8178
18361,92.1027
18362,34.3282
18363,49.3994
18364,51.6013
18365,83.337
18366,82.3675
18367,37.0373
18368,20.2992
18369,24.0318
18370,65.4294
18371,29.7905
18372,27.8861
18373,32.8509
18374,11.0571
18375,33.6795
18376,37.4498
18377,90.1562
18378,35.1998
18379,44.4426
18380,87.7043
18381,32.4149
18382,74.7145
18383,79.8318
18384,29.8338
18385,90.6936
18386,86.497
18387,59.2938
18388,50.8136
18389,50.5543
18390,24.0872
18391,36.3158
18392,36.2272
18393,72.7097
18394,83.7747
18395,29.1172
18396,32.0424
18397,78.4813
18398,57.2195
18399,72.9178
18400,67.9986
18401,46.6608
18402,15.2868
18403,48.2452
18404,40.7597
18405,58.9499
18406,34.3788
18407,17.3772
18408,59.9239
18409,29.6093
18410,53.5053
18411,32.365
18412,52.2088
18413,21.7327
18414,89.587
18415,35.3035
18416,90.1158
18417,24.0508
18418,30.3761
18419,73.1902
18420,39.1196
18421,30.8594
18422,29.6359
18423,44.5394
18424,65.3119
18425,94.0212
18426,53.1578
18427,47.4229
18428,11.228
18429,44.036
18430,55.1828
18431,26.9215
18432,29.1309
18433,51.0218
18434,70.1124
18435,30.3411
18436,27.2072
18437,87.8098
18438,69.6068
18439,19.7375
18440,81.4545
18441,37.5809
18442,10.7141
18443,58.2339
18444,18.636
18445,87.7366
18446,33.2962
18447,28.3255
18448,43.9825
18449,82.8671
18450,44.6574
18451,13.4228
18452,66.8097
18453,45.107
18454,48.9032
18455,50.6816
18456,89.0696
18457,83.2287
18458,23.7831
18459,61.2236
18460,73.1076
18461,13.7293
18462,28.5092
18463,39.3364
18464,33.6276
18465,10.0463
18466,55.7416
18467,66.3919
18468,52.907
18469,64.7563
18470,16.4041
18471,27.9954
18472,49.6743
18473,60.5992
18474,86.0893
18475,52.1918
18476,82.8419
18477,39.9974
18478,22.7359
18479,17.6277
18480,10.1223
18481,86.569
18482,35.1823
18483,26.4366
18484,70.476
18485,41.177
18486,81.099
18487,51.5039
18488,52.7988
18489,71.2499
18490,82.0985
18491,57.6409
18492,50.8825
18493,33.8854
18494,45.425
18495,78.9787
18496,36.5319
18497,73.339
18498,27.806
18499,27.1475
18500,38.7465
18501,65.2384
18502,34.4962
18503,70.0715
18504,72.1481
18505,46.3654
18506,7.90144
18507,37.7157
18508,33.3989
18509,54.1491
18510,38.3774
18511,33.5973
18512,30.3643
18513,22.2787
18514,26.6368
18515,72.6499
18516,64.0006
18517,24.2649
18518,32.1932
18519,32.8976
18520,42.0423
18521,56.0595
18522,26.4848
18523,17.9507
18524,34.2041
18525,22.2941
18526,73.5608
18527,61.0536
18528,69.6379
18529,38.6932
18530,72.0588
18531,25.1387
18532,43.6546
18533,63.2599
18534,26.0861
18535,91.8291
18536,80.9317
18537,73.9758
18538,51.4461
18539,60.7317
18540,47.8107
18541,25.6596
18542,32.4035
18543,29.1258
18544,59.7686
18545,47.5121
18546,72.0563
18547,73.5613
18548,28.2617
18549,19.0633
18550,54.0688
18551,77.6729
18552,30.7955
18553,13.7814
18554,70.2416
18555,21.8724
18556,10.1976
18557,83.4894
18558,75.0361
18559,43.5628
18560,57.398
18561,28.8064
18562,52.7197
18563,45.695
18564,17.4856
18565,18.3292
18566,48.0298
18567,37.9279
18568,34.468
18569,72.8581
18570,33.1682
18571,87.0605
18572,16.2547
18573,11.1318
18574,29.4553
18575,22.6866
18576,57.2706
18577,22.7857
18578,32.6087
18579,16.7366
18580,28.8982
18581,37.9193
18582,47.076
18583,60.2343
18584,82.8295
18585,35.8669
18586,72.9236
18587,70.7599
18588,25.9714
18589,66.3937
18590,14.1127
18591,89.9567
18592,48.6891
18593,77.8158
18594,17.7867
18595,34.4696
18596,11.4551
18597,36.4507
18598,48.927
18599,29.3272
18600,88.7775
18601,27.2342
18602,43.9333
18603,55.106
18604,30.7216
18605,89.5701
18606,81.0294
18607,19.4272
18608,87.1054
18609,39.4341
18610,50.6339
18611,92.7632
18612,39.3434
18613,67.1797
18614,8.28776
18615,34.6545
18616,53.6258
18617,67.8041
18618,78.4868
18619,64.6013
18620,76.151
18621,72.2454
18622,59.7783
18623,28.4649
18624,28.4235
18625,66.4879
18626,72.6442
18627,53.9374
18628,67.8837
18629,16.3779
18630,27.0115
18631,52.6213
18632,47.0201
18633,52.1046
18634,12.8345
18635,30.2412
18636,41.5783
18637,30.3551
18638,43.4632
18639,19.5684
18640,41.415
18641,61.1728
18642,75.7748
18643,51.7756
18644,74.2929
18645,30.8014
18646,78.8562
18647,62.0988
18648,37.5734
18649,41.9514
18650,11.1348
18651,62.7634
18652,43.9165
18653,83.5147
18654,8.28363
18655,33.5474
18656,21.6687
18657,21.9614
18658,59.8092
18659,46.6006
18660,33.0415
18661,43.6332
18662,18.3789
18663,12.4828
18664,85.2509
18665,41.021
18666,23.5199
18667,24.4072
18668,20.0945
18669,31.7152
18670,38.3
18671,52.6666
18672,45.3491
18673,32.5647
18674,45.0006
18675,45.7575
18676,44.2883
18677,44.8027
18678,29.181
18679,32.0467
18680,27.671
18681,25.7413
18682,44.2863
18683,31.4647
18684,27.8801
18685,40.9011
18686,21.3585
18687,27.0404
18688,46.9769
18689,35.5411
18690,66.1082
18691,30.2503
18692,36.3647
18693,11.272
18694,54.1767
18695,47.8767
18696,83.0905
18697,52.8853
18698,21.3537
18699,52.257
18700,37.4602
18701,59.7902
18702,69.223
18703,33.4546
18704,64.0447
18705,48.1004
18706,40.0905
18707,82.2005
18708,75.4348
18709,50.6849
18710,52.8178
18711,58.3484
18712,55.6831
18713,50.7725
18714,72.7554
18715,56.9344
18716,43.2633
18717,16.347
18718,42.617
18719,51.1709
18720,28.9575
18721,37.7462
18722,88.7005
18723,32.2481
18724,84.2057
18725,83.0491
18726,82.5902
18727,8.06353
18728,28.5727
18729,88.8699
18730,56.1703
18731,50.3496
18732,20.855
18733,35.2699
18734,71.052
18735,77.2294
18736,31.704
18737,51.0519
18738,23.4673
18739,20.5895
18740,73.7635
18741,42.159
18742,67.1868
18743,19.9634
18744,84.1428
18745,30.9425
18746,14.5057
18747,37.0576
18748,58.1663
18749,59.2346
18750,37.9165
18751,64.647
18752,72.4262
18753,13.547
18754,46.3429
18755,51.0763
18756,47.1108
18757,29.9901
18758,16.9873
18759,45.6602
18760,48.2649
18761,64.1351
18762,60.533
18763,45.8924
18764,34.6307
18765,80.1167
18766,30.4832
18767,10.9386
18768,83.4255
18769,68.791
18770,27.9401
18771,65.4658
18772,18.2567
18773,51.6659
18774,47.7184
18775,71.7542
18776,82.0604
18777,35.383
18778,44.5981
18779,21.1539
18780,31.1684
18781,31.8291
18782,51.276
18783,50.5073
18784,8.34928
18785,17.1354
18786,22.9003
18787,48.9129
18788,14.6655
18789,70.6173
18790,79.3969
18791,35.5494
18792,36.3496
18793,25.5937
18794,89.7208
18795,73.4237
18796,63.5626
18797,15.2827
18798,38.4036
18799,39.8078
18800,73.2453
18801,30.3583
18802,50.3962
18803,24.7646
18804,82.5547
18805,90.3397
18806,37.891
18807,21.3981
18808,64.0198
18809,8.53058
18810,39.1255
18811,26.5918
18812,77.1358
18813,82.978
18814,78.7994
18815,11.1086
18816,64.7895
18817,38.6292
18818,44.013
18819,37.9827
18820,32.3952
18821,9.26632
18822,27.6547
18823,41.3019
18824,36.6222
18825,45.883
18826,49.1266
18827,43.3919
18828,34.7302
18829,66.0705
18830,25.8679
18831,6.92752
18832,58.5571
18833,28.8057
18834,29.4987
18835,79.9305
18836,90.2454
18837,19.0785
18838,33.3093
18839,44.6671
18840,89.8864
18841,63.9063
18842,84.2599
18843,87.2951
18844,36.1462
18845,34.1205
18846,7.29111
18847,42.8639
18848,54.6873
18849,38.9601
18850,33.8682
18851,66.026
18852,31.027
18853,62.0385
18854,49.621
18855,21.1803
18856,47.9441
18857,8.93045
18858,28.2551
18859,24.3712
18860,57.9805
18861,33.333
18862,21.1466
18863,39.9773
18864,13.827
18865,78.2441
18866,88.646
18867,34.8839
18868,28.5136
18869,44.6119
18870,56.584
18871,79.8286
18872,72.6015
18873,49.1987
18874,50.974
18875,35.2289
18876,37.2906
18877,66.3813
18878,43.023
18879,36.3806
18880,90.486
18881,33.5885
18882,53.4678
18883,38.5731
18884,89.5049
18885,87.9195
18886,62.1301
18887,26.1197
18888,84.527
18889,70.5702
18890,16.6365
18891,32.9524
18892,11.7857
18893,59.7058
18894,58.6591
18895,52.1473
18896,41.287
18897,36.8723
18898,74.9143
18899,33.0473
18900,61.5088
18901,42.6553
18902,12.631
18903,59.1232
18904,59.1431
18905,70.5572
18906,23.8304
18907,82.1024
18908,25.2166
18909,58.1582
18910,30.447
18911,53.0287
18912,57.2203
18913,16.6138
18914,30.3054
18915,31.7998
18916,63.0364
18917,72.7925
18918,32.8557
18919,73.8858
18920,42.1619
18921,24.9264
18922,57.3822
18923,8.20318
18924,29.363
18925,57.8974
18926,91.7168
18927,72.2047
18928,71.9387
18929,34.2313
18930,68.1939
18931,59.0278
18932,33.4651
18933,44.4147
18934,46.7786
18935,20.0474
18936,41.5986
18937,13.4641
18938,22.6716
18939,16.3907
18940,96.4484
18941,8.40276
18942,10.7368
18943,52.9767
18944,30.4059
18945,44.4005
18946,69.3563
18947,86.1263
18948,42.9734
18949,46.7134
18950,10.9338
18951,84.3554
18952,6.60954
18953,27.9059
18954,75.8164
18955,60.4058
18956,29.4065
18957,25.0254
18958,48.6929
18959,13.1313
18960,19.1814
18961,65.7973
18962,39.4195
18963,68.0308
18964,27.9392
18965,37.25
18966,36.8183
18967,33.3124
18968,44.0171
18969,33.4208
18970,27.3801
18971,27.9278
18972,21.2109
18973,84.4868
18974,28.2368
18975,80.1669
18976,22.831
18977,34.6111
18978,78.9978
18979,52.6758
18980,82.4995
18981,68.6054
18982,14.286
18983,84.0136
18984,61.7698
18985,69.3026
18986,20.4512
18987,75.9839
18988,20.5302
18989,40.5651
18990,27.7736
18991,64.7652
18992,59.351
18993,55.2721
18994,69.1151
18995,42.365
18996,36.6841
18997,50.9748
18998,19.2095
18999,65.8372
19000,39.7282
19001,33.5172
19002,24.6305
19003,44.0169
19004,33.2458
19005,27.0805
19006,37.8465
19007,51.2944
19008,59.1085
19009,58.2602
19010,15.6289
19011,78.3354
19012,66.4332
19013,45.5772
19014,30.6005
19015,96.4287
19016,37.6891
19017,35.6658
19018,34.2557
19019,72.0317
19020,87.7261
19021,73.6017
19022,18.8931
19023,56.5066
19024,36.4532
19025,59.429
19026,12.5795
19027,34.8272
19028,70.598
19029,37.7357
19030,39.7802
19031,15.0064
19032,33.1432
19033,36.2812
19034,21.8488
19035,49.4942
19036,45.4793
19037,31.5065
19038,12.625
19039,12.2398
19040,80.132
19041,20.1481
19042,12.2776
19043,61.1411
19044,25.8132
19045,10.7058
19046,27.1263
19047,59.8014
19048,21.484
19049,44.9899
19050,47.7073
19051,81.1526
19052,22.7698
19053,64.4462
19054,18.0615
19055,38.1208
19056,53.3549
19057,30.0911
19058,36.165
19059,57.9063
19060,52.0809
19061,50.4839
19062,37.3654
19063,7.69552
19064,67.446
19065,72.7822
19066,66.582
19067,37.9611
19068,66.9602
19069,60.9936
19070,8.17993
19071,81.6879
19072,72.7106
19073,77.2216
19074,65.0896
19075,17.0361
19076,72.7044
19077,86.2043
19078,6.82635
19079,69.5609
19080,29.8735
19081,83.0991
19082,22.1315
19083,89.5226
19084,82.1399
19085,30.5446
19086,31.0485
19087,25.5867
19088,47.3363
19089,34.6255
19090,36.5771
19091,87.382
19092,29.5771
19093,64.7255
19094,62.1331
19095,79.0905
19096,11.7969
19097,33.2002
19098,76.5231
19099,61.236
19100,27.0282
19101,83.6245
19102,45.6059
19103,61.9116
19104,63.5473
19105,76.8819
19106,37.7396
19107,81.5874
19108,37.9475
19109,39.8957
19110,22.6066
19111,36.2246
19112,11.0208
19113,38.4277
19114,35.1392
19115,79.2572
19116,76.6622
19117,35.286
19118,42.619
19119,50.7443
19120,49.8364
19121,34.1796
19122,42.4382
19123,56.9343
19124,12.5686
19125,49.9031
19126,18.3492
19127,68.4734
19128,67.3624
19129,11.1822
19130,13.0972
19131,37.0805
19132,18.9683
19133,48.2666
19134,48.9875
19135,70.9393
19136,53.1169
19137,13.6648
19138,58.5464
19139,72.5216
19140,33.453
19141,42.5389
19142,38.3244
19143,62.1179
19144,29.8933
19145,35.3573
19146,32.4819
19147,19.2709
19148,54.8109
19149,46.8918
19150,40.7548
19151,90.2947
19152,38.8755
19153,14.2622
19154,67.6609
19155,29.5734
19156,50.3463
19157,49.7895
19158,15.4093
19159,44.1618
19160,60.7912
19161,37.6573
19162,89.0869
19163,33.4517
19164,24.6412
19165,48.5472
19166,28.1943
19167,75.0163
19168,50.9561
19169,53.7726
19170,18.8186
19171,86.5514
19172,22.9595
19173,67.679
19174,10.2869
19175,12.989
19176,69.8028
19177,59.4045
19178,54.9341
19179,65.7685
19180,40.3613
19181,69.8634
19182,78.455
19183,61.6479
19184,54.8057
19185,71.9404
19186,62.6853
19187,15.9518
19188,14.7652
19189,89.2718
19190,37.7265
19191,34.3591
19192,33.3292
19193,70.5869
19194,19.2516
19195,65.3437
19196,63.1286
19197,51.2224
19198,34.6136
19199,79.3192
19200,47.5318
19201,48.3041
19202,89.6012
19203,89.786
19204,78.2178
19205,78.1146
19206,41.68
19207,37.1097
19208,24.5131
19209,44.8937
19210,72.5377
19211,60.4281
19212,27.3087
19213,17.8956
19214,65.0636
19215,43.0595
19216,8.79674
19217,31.45
19218,17.6717
19219,26.4988
19220,57.7362
19221,11.6797
19222,37.6781
19223,15.7394
19224,55.7407
19225,18.2976
19226,17.0174
19227,41.2898
19228,50.68
19229,35.1145
19230,18.0588
19231,53.562
19232,60.4777
19233,71.1975
19234,29.5754
19235,35.5428
19236,34.619
19237,28.4505
19238,28.3209
19239,43.2013
19240,13.3635
19241,55.1447
19242,39.6314
19243,72.7136
19244,19.9855
19245,38.1348
19246,66.4039
19247,45.2109
19248,53.2703
19249,13.7201
19250,6.53088
19251,41.8266
19252,50.0662
19253,27.7424
19254,59.5296
19255,67.7666
19256,60.9917
19257,37.9637
19258,39.9864
19259,26.584
19260,87.6088
19261,31.0034
19262,33.3535
19263,34.2993
19264,46.4155
19265,46.9469
19266,56.4962
19267,40.2978
19268,7.76834
19269,35.6121
19270,87.6152
19271,82.5696
19272,13.3604
19273,83.5538
19274,53.4904
19275,45.3952
19276,42.747
19277,50.1136
19278,66.9834
19279,47.363
19280,7.4768
19281,12.323
19282,35.1705
19283,38.3261
19284,36.6529
19285,31.5453
19286,43.0028
19287,55.2454
19288,71.5411
19289,48.9713
19290,51.7532
19291,50.518
19292,53.4166
19293,54.262
19294,64.7952
19295,34.3171
19296,88.6241
19297,87.1828
19298,79.9276
19299,43.2026
19300,12.0713
19301,53.2567
19302,10.1003
19303,28.7578
19304,10.5233
19305,50.2348
19306,16.5129
19307,52.5143
19308,24.5102
19309,84.0424
19310,13.7912
19311,37.1921
19312,44.5889
19313,85.9374
19314,47.528
19315,33.7849
19316,33.4014
19317,18.2623
19318,50.8599
19319,60.8028
19320,33.7167
19321,62.7698
19322,85.9259
19323,28.0265
19324,26.6772
19325,69.193
19326,38.4955
19327,48.8924
19328,62.9756
19329,70.7055
19330,15.7841
19331,87.6793
19332,37.3171
19333,58.2377
19334,39.5093
19335,62.7436
19336,13.0647
19337,57.7017
19338,53.9094
19339,31.962
19340,36.6557
19341,11.1709
19342,36.3365
19343,54.9962
19344,96.3593
19345,49.5511
19346,78.1703
19347,39.5075
19348,32.1352
19349,52.3662
19350,26.5368
19351,47.4748
19352,70.2206
19353,90.9533
19354,65.3584
19355,92.6689
19356,34.3384
19357,74.6092
19358,70.3737
19359,46.758
19360,63.6564
19361,67.9337
19362,85.779
19363,29.2233
19364,58.0506
19365,12.9319
19366,51.2203
19367,48.5723
19368,67.0116
19369,36.8708
19370,49.6996
19371,22.6877
19372,25.4045
19373,39.5868
19374,64.6157
19375,52.1525
19376,55.5888
19377,30.2015
19378,57.34
19379,20.8942
19380,46.1183
19381,10.3203
19382,33.6033
19383,67.5092
19384,84.544
19385,36.5224
19386,11.726
19387,95.7992
19388,71.2215
19389,48.4946
19390,32.9083
19391,9.19973
19392,50.7961
19393,31.3886
19394,89.4078
19395,84.6444
19396,29.7892
19397,29.4153
19398,11.4649
19399,20.4602
19400,9.95148
19401,48.4639
19402,90.0611
19403,46.5803
19404,45.9905
19405,86.7322
19406,73.6029
19407,55.1411
19408,64.8126
19409,19.128
19410,79.6184
19411,90.9573
19412,37.0452
19413,15.5414
19414,72.7774
19415,67.4598
19416,36.5648
19417,59.5627
19418,47.2723
19419,29.7681
19420,55.9032
19421,33.8816
19422,39.7831
19423,26.6104
19424,85.657
19425,86.6371
19426,33.0862
19427,91.5791
19428,29.616
19429,65.9615
19430,63.871
19431,32.2202
19432,78.312
19433,48.5629
19434,43.0735
19435,60.5348
19436,55.4931
19437,83.4306
19438,76.8448
19439,77.0894
19440,48.3822
19441,68.7161
19442,40.2886
19443,85.8399
19444,58.5014
19445,59.4362
19446,38.2473
19447,55.7606
19448,63.6141
19449,42.3534
19450,25.5589
19451,69.2528
19452,54.7503
19453,10.783
19454,31.2063
19455,81.9737
19456,83.8784
19457,29.5693
19458,8.85374
19459,42.6424
19460,62.8012
19461,41.8678
19462,35.83
19463,33.233
19464,32.9734
19465,74.9856
19466,15.5932
19467,57.5721
19468,55.0528
19469,41.4795
19470,49.6447
19471,40.1434
19472,60.5708
19473,52.3155
19474,27.7595
19475,66.0987
19476,38.7793
19477,77.8048
19478,21.3926
19479,10.1683
19480,88.6861
19481,78.1513
19482,66.7958
19483,74.8764
19484,44.5126
19485,28.1143
19486,33.8832
19487,62.3233
19488,85.8555
19489,38.0807
19490,70.9062
19491,19.6208
19492,89.4274
19493,27.8069
19494,25.8804
19495,27.6124
19496,53.1733
19497,29.3893
19498,48.1974
19499,31.6548
19500,35.0009
19501,53.0559
19502,11.5741
19503,60.2273
19504,33.4548
19505,27.8662
19506,26.1273
19507,79.2518
19508,13.7449
19509,10.3201
19510,48.1786
19511,53.6056
19512,32.965
19513,52.139
19514,39.8941
19515,63.0709
19516,41.9876
19517,76.6765
19518,32.9282
19519,68.5289
19520,32.9738
19521,36.2206
19522,49.6993
19523,61.6526
19524,64.4922
19525,95.9416
19526,64.8192
19527,39.5694
19528,69.5349
19529,32.8388
19530,17.0545
19531,79.6079
19532,34.1003
19533,75.2695
19534,31.8162
19535,18.1565
19536,52.7627
19537,42.2594
19538,72.7951
19539,50.174
19540,31.6169
19541,78.8876
19542,60.7255
19543,31.1617
19544,44.061
19545,59.5065
19546,61.3155
19547,52.8793
19548,71.9408
19549,57.4293
19550,55.3365
19551,29.6434
19552,76.5194
19553,60.6636
19554,34.943
19555,32.7173
19556,10.374
19557,19.0195
19558,61.2987
19559,70.8604
19560,27.6378
19561,49.7521
19562,89.1635
19563,46.6329
19564,88.958
19565,13.7376
19566,86.655
19567,22.9489
19568,52.9728
19569,28.3133
19570,54.6803
19571,43.2499
19572,27.6739
19573,27.0989
19574,21.3832
19575,36.4087
19576,53.1317
19577,44.0189
19578,64.2172
19579,36.0667
19580,57.7379
19581,31.658
19582,50.9235
19583,14.1197
19584,89.968
19585,34.7103
19586,17.1479
19587,38.622
19588,27.2836
19589,59.9496
19590,25.5404
19591,63.6725
19592,79.1728
19593,18.1157
19594,53.982
19595,84.3744
19596,37.0182
19597,46.2802
19598,24.1829
19599,78.8873
19600,37.901
19601,33.2966
19602,46.6621
19603,40.3426
19604,42.0408
19605,70.8198
19606,84.7106
19607,31.4647
19608,84.5238
19609,79.9012
19610,17.0448
19611,40.3036
19612,73.3992
19613,25.7496
19614,28.4915
19615,43.5218
19616,82.9153
19617,50.5503
19618,49.1069
19619,35.7276
19620,44.9676
19621,76.4547
19622,80.4734
19623,30.3407
19624,27.3293
19625,88.1671
19626,80.7815
19627,72.1603
19628,32.7711
19629,44.7966
19630,44.4416
19631,64.0238
19632,38.6179
19633,41.615
19634,66.2298
19635,30.2197
19636,25.8239
19637,43.6239
19638,46.5109
19639,21.4372
19640,10.3989
19641,39.8675
19642,37.453
19643,19.0993
19644,9.37923
19645,10.8717
19646,67.9333
19647,37.1349
19648,80.9947
19649,74.6252
19650,36.2489
19651,26.5071
19652,43.3264
19653,27.5691
19654,28.001
19655,75.7625
19656,51.5689
19657,28.0683
19658,49.212
19659,55.6025
19660,42.4069
19661,70.748
19662,15.3737
19663,38.025
19664,36.8365
19665,79.0269
19666,50.7494
19667,67.2299
19668,15.7402
19669,33.5079
19670,85.7624
19671,24.7571
19672,59.482
19673,25.3827
19674,37.8449
19675,38.1629
19676,12.0647
19677,48.6738
19678,30.8694
19679,38.4014
19680,61.881
19681,55.2077
19682,78.4724
19683,38.7557
19684,9.74949
19685,30.0015
19686,20.5179
19687,48.1812
19688,52.7611
19689,87.6319
19690,67.724
19691,38.9385
19692,32.5853
19693,62.0106
19694,20.5175
19695,60.2927
19696,35.1649
19697,86.7207
19698,67.28
19699,84.1767
19700,35.6831
19701,49.0948
19702,27.8469
19703,53.4852
19704,42.785
19705,78.4078
19706,24.3061
19707,16.7913
19708,48.7089
19709,93.6131
19710,84.3423
19711,89.1108
19712,60.1161
19713,45.5292
19714,74.0832
19715,22.2342
19716,65.9671
19717,32.8412
19718,32.2835
19719,36.963
19720,9.86576
19721,22.4185
19722,26.1002
19723,32.5808
19724,36.7319
19725,70.7473
19726,36.9643
19727,42.6286
19728,27.6643
19729,32.8999
19730,54.6059
19731,77.9657
19732,29.5825
19733,24.5216
19734,35.4582
19735,73.4099
19736,47.4559
19737,64.3326
19738,46.6641
19739,34.8777
19740,26.0043
19741,24.6439
19742,63.4591
19743,9.97341
19744,27.6941
19745,39.0588
19746,66.6197
19747,53.159
19748,59.8966
19749,74.352
19750,12.3356
19751,56.4182
19752,27.9104
19753,6.91786
19754,22.4102
19755,67.8
19756,39.9808
19757,24.0049
19758,36.5511
19759,72.9744
19760,70.9897
19761,53.08
19762,47.7291
19763,49.3936
19764,22.1129
19765,10.6683
19766,42.4526
19767,7.22019
19768,69.6746
19769,28.0914
19770,40.9792
19771,29.08
19772,44.9603
19773,84.5524
19774,43.4323
19775,80.4729
19776,32.7955
19777,83.5314
19778,71.9739
19779,37.8003
19780,50.6585
19781,61.9791
19782,60.9483
19783,47.4907
19784,81.9908
19785,35.3746
19786,46.3471
19787,38.386
19788,6.91108
19789,36.2817
19790,11.7099
19791,86.5385
19792,49.3482
19793,32.1299
19794,66.7508
19795,17.5302
19796,20.3677
19797,51.6079
19798,84.6217
19799,15.4933
19800,46.5564
19801,74.9959
19802,89.9477
19803,11.9701
19804,90.1317
19805,43.0268
19806,14.0123
19807,9.26891
19808,82.8531
19809,38.7443
19810,35.6136
19811,70.14
19812,30.1697
19813,79.2621
19814,13.5355
19815,34.1881
19816,53.2864
19817,20.1955
19818,43.8955
19819,27.0345
19820,34.9133
19821,55.1491
19822,47.3002
19823,33.5149
19824,49.2047
19825,31.5274
19826,30.4186
19827,35.9617
19828,59.6029
19829,74.2113
19830,55.3037
19831,30.7782
19832,24.471
19833,60.6522
19834,29.6715
19835,27.1404
19836,38.7464
19837,31.2733
19838,49.7727
19839,32.5007
19840,24.4187
19841,50.8809
19842,88.7799
19843,27.898
19844,55.2758
19845,54.8994
19846,33.1383
19847,27.9142
19848,80.2557
19849,37.5171
19850,33.4092
19851,53.8073
19852,23.2287
19853,28.6786
19854,58.9551
19855,42.1927
19856,27.2247
19857,58.843
19858,72.5767
19859,8.80291
19860,49.1889
19861,74.5331
19862,35.0019
19863,39.8798
19864,58.7212
19865,34.336
19866,72.3627
19867,51.7718
19868,44.1365
19869,88.6713
19870,80.792
19871,58.6305
19872,36.5537
19873,28.516
19874,45.3574
19875,31.6487
19876,19.4631
19877,64.1385
19878,84.3855
19879,35.214
19880,40.6534
19881,19.1557
19882,43.9436
19883,92.7301
19884,64.0711
19885,28.185
19886,38.7918
19887,10.6975
19888,61.74
19889,37.9121
19890,52.8664
19891,13.7232
19892,29.5955
19893,55.6438
19894,49.052
19895,81.8953
19896,67.9982
19897,12.2234
19898,75.8815
19899,28.4101
19900,80.582
19901,67.1076
19902,37.0345
19903,36.3773
19904,87.7443
19905,77.4071
19906,81.8448
19907,17.064
19908,63.5193
19909,74.4985
19910,34.8067
19911,27.9488
19912,82.0231
19913,64.4558
19914,27.3973
19915,42.2456
19916,43.9772
19917,69.0152
19918,53.5026
19919,36.5121
19920,78.0068
19921,18.3193
19922,28.8552
19923,52.6807
19924,27.5058
19925,72.2027
19926,59.9851
19927,20.9622
19928,28.2984
19929,25.3438
19930,31.4642
19931,44.4827
19932,73.0629
19933,86.9057
19934,28.7569
19935,58.7568
19936,82.172
19937,40.8077
19938,33.2059
19939,48.4597
19940,10.2271
19941,90.8667
19942,28.6516
19943,7.00759
19944,50.2931
19945,75.8537
19946,35.8079
19947,17.2623
19948,89.3892
19949,47.5065
19950,46.747
19951,86.8067
19952,50.5534
19953,52.3787
19954,81.8032
19955,38.9817
19956,30.5995
19957,64.3266
19958,12.9897
19959,93.2194
19960,46.2575
19961,73.4778
19962,47.645
19963,83.2256
19964,71.2617
19965,52.4826
19966,35.2866
19967,41.9594
19968,36.1131
19969,56.3728
19970,33.063
19971,13.2621
19972,29.5065
19973,26.9205
19974,55.3325
19975,44.2894
19976,35.4414
19977,51.9693
19978,29.2223
19979,27.8595
19980,25.7436
19981,34.4504
19982,38.3147
19983,78.9573
19984,52.9589
19985,13.1598
19986,54.1208
19987,86.1629
19988,17.7067
19989,40.7529
19990,44.6891
19991,45.0493
19992,92.7338
19993,53.3709
19994,94.2465
19995,39.9986
19996,50.8864
19997,25.8008
19998,43.5621
19999,59.7919
20000,91.7853
